iteracion  mejor_solucion    distancia_euclidiana                 distancia_hamming
0         5.878869038985496        0.0                                 0
1         5.893130381149055        0.0                                 0
2         5.893847100537409        0.0                                 0
3         6.105425616382282        0.0                                 0
4         6.096218219386738        0.0                                 0
5         6.096218219386738        0.0                                 0
6         5.9805711941963455        0.0                                 0
7         5.9805711941963455        0.0                                 0
8         6.011784772893523        0.0                                 0
9         6.226740948581597        0.0                                 0
10         6.066203883531822        0.0                                 0
11         6.066203883531822        0.0                                 0
12         6.0684278189332055        0.0                                 0
13         6.0684278189332055        0.0                                 0
14         6.163396069938631        0.0                                 0
15         6.151522953970775        0.0                                 0
16         6.151498761786051        0.0                                 0
17         6.151260326673981        0.0                                 0
18         6.115239501094932        0.0                                 0
19         6.115239501094932        0.0                                 0
20         6.251345364333218        0.0                                 0
21         6.387659113660963        0.0                                 0
22         6.421621341646527        0.0                                 0
23         6.280874210312883        0.0                                 0
24         6.280874210312883        0.0                                 0
25         6.285687882259013        0.0                                 0
26         6.306976432960252        0.0                                 0
27         6.228032705820188        0.0                                 0
28         6.228032705820188        0.0                                 0
29         6.225415341685347        0.0                                 0
30         6.211008761526702        0.0                                 0
31         6.211008761526702        0.0                                 0
32         6.208453531779823        0.0                                 0
33         6.205930036273898        0.0                                 0
34         6.205930036273898        0.0                                 0
35         6.216871762506275        0.0                                 0
36         5.9777724486230905        0.0                                 0
37         5.9777724486230905        0.0                                 0
38         6.107288690436506        0.0                                 0
39         6.113206982337018        0.0                                 0
40         6.088963552423485        0.0                                 0
41         6.088963552423485        0.0                                 0
42         6.0691651467897865        0.0                                 0
43         5.890549956704065        0.0                                 0
44         5.858273987645463        0.0                                 0
45         5.857936707570213        0.0                                 0
46         5.857936707570213        0.0                                 0
47         5.8741480656869784        0.0                                 0
48         5.865923817485173        0.0                                 0
49         5.865923817485173        0.0                                 0
50         5.8791461879176135        0.0                                 0
51         6.0086435674324274        0.0                                 0
52         6.005056445861452        0.0                                 0
53         6.005056445861452        0.0                                 0
54         6.0181342453782545        0.0                                 0
55         6.069027675818442        0.0                                 0
56         6.060903196549923        0.0                                 0
57         6.0552056297343135        0.0                                 0
58         6.0552056297343135        0.0                                 0
59         6.070973237780258        0.0                                 0
60         6.073467168586645        0.0                                 0
61         6.103749960949638        0.0                                 0
62         6.103244947093685        0.0                                 0
63         6.011382943777376        0.0                                 0
64         6.003547585153597        0.0                                 0
65         6.003547585153597        0.0                                 0
66         6.007464056876735        0.0                                 0
67         6.115517674962526        0.0                                 0
68         6.054530463966254        0.0                                 0
69         6.054500217610829        0.0                                 0
70         6.0516747100256785        0.0                                 0
71         6.0516747100256785        0.0                                 0
72         6.046318158720954        0.0                                 0
73         6.046318158720954        0.0                                 0
74         6.087877734302784        0.0                                 0
75         6.087877734302784        0.0                                 0
76         6.088795819427258        0.0                                 0
77         6.095447017230043        0.0                                 0
78         6.128747406993056        0.0                                 0
79         6.068264068121472        0.0                                 0
80         6.066198470312229        0.0                                 0
81         5.943553073075658        0.0                                 0
82         5.931371992611336        0.0                                 0
83         5.931371992611336        0.0                                 0
84         5.997410823092952        0.0                                 0
85         5.997410823092952        0.0                                 0
86         6.010454152789237        0.0                                 0
87         6.01539526391421        0.0                                 0
88         5.92645066127242        0.0                                 0
89         5.89520260110086        0.0                                 0
90         5.799990585632533        0.0                                 0
91         5.799990585632533        0.0                                 0
92         5.801617497870162        0.0                                 0
93         5.70715101210374        0.0                                 0
94         5.702183004169995        0.0                                 0
95         5.702183004169995        0.0                                 0
96         5.729392840507743        0.0                                 0
97         5.729392840507743        0.0                                 0
98         5.808633521228646        0.0                                 0
99         5.809060929761646        0.0                                 0
100         5.801664287449313        0.0                                 0
101         5.801664287449313        0.0                                 0
102         5.801309685164443        0.0                                 0
103         5.574679236961563        0.0                                 0
104         5.572623309559359        0.0                                 0
105         5.572623309559359        0.0                                 0
106         5.580680681573378        0.0                                 0
107         5.544171141785555        0.0                                 0
108         5.541075772541751        0.0                                 0
109         5.540546571834256        0.0                                 0
110         5.540546571834256        0.0                                 0
111         5.452969488522846        0.0                                 0
112         5.452969488522846        0.0                                 0
113         5.585317844620267        0.0                                 0
114         5.61540824500857        0.0                                 0
115         5.648207038840631        0.0                                 0
116         5.648207038840631        0.0                                 0
117         5.661605011048975        0.0                                 0
118         5.718936938424836        0.0                                 0
119         5.719476733363361        0.0                                 0
120         5.719476733363361        0.0                                 0
121         5.723381902613411        0.0                                 0
122         5.720993652034279        0.0                                 0
123         5.577824316598998        0.0                                 0
124         5.577824316598998        0.0                                 0
125         5.577915779223104        0.0                                 0
126         5.66100815096532        0.0                                 0
127         5.66100815096532        0.0                                 0
128         5.894705332697559        0.0                                 0
129         5.899223593908581        0.0                                 0
130         5.955686170635971        0.0                                 0
131         6.061178239424836        0.0                                 0
132         6.061178239424836        0.0                                 0
133         6.194320600235266        0.0                                 0
134         6.259523369832738        0.0                                 0
135         6.259523369832738        0.0                                 0
136         6.291507307235645        0.0                                 0
137         6.291507307235645        0.0                                 0
138         6.4105305610602485        0.0                                 0
139         6.412073937968835        0.0                                 0
140         6.412002682603035        0.0                                 0
141         6.412002682603035        0.0                                 0
142         6.4136096308864685        0.0                                 0
143         6.569328999003268        0.0                                 0
144         6.434898607123223        0.0                                 0
145         6.434898607123223        0.0                                 0
146         6.3595213729714395        0.0                                 0
147         6.3595213729714395        0.0                                 0
148         6.360938860305797        0.0                                 0
149         6.368895448527497        0.0                                 0
150         6.371721371602206        0.0                                 0
151         6.21194571898082        0.0                                 0
152         6.120928305860474        0.0                                 0
153         6.042538991092157        0.0                                 0
154         6.042538991092157        0.0                                 0
155         6.066463379185162        0.0                                 0
156         6.010714530488635        0.0                                 0
157         6.010714530488635        0.0                                 0
158         5.978869033839494        0.0                                 0
159         5.9525037500469455        0.0                                 0
160         5.933394812464619        0.0                                 0
161         5.933394812464619        0.0                                 0
162         5.957671385914675        0.0                                 0
163         5.956443147265347        0.0                                 0
164         5.956443147265347        0.0                                 0
165         5.962491424896818        0.0                                 0
166         5.9120701929581525        0.0                                 0
167         5.91187716535589        0.0                                 0
168         5.722085131772413        0.0                                 0
169         5.722085131772413        0.0                                 0
170         5.586361585124775        0.0                                 0
171         5.586361585124775        0.0                                 0
172         5.483747666311621        0.0                                 0
173         5.483747666311621        0.0                                 0
174         5.6117854471571835        0.0                                 0
175         5.615116461782213        0.0                                 0
176         5.683254115980247        0.0                                 0
177         5.68830941060144        0.0                                 0
178         5.746545046873004        0.0                                 0
179         5.850483598223519        0.0                                 0
180         5.8951346184430395        0.0                                 0
181         5.8951346184430395        0.0                                 0
182         5.930921172311586        0.0                                 0
183         6.087747343655046        0.0                                 0
184         6.111352868086831        0.0                                 0
185         6.111352868086831        0.0                                 0
186         6.111369710980171        0.0                                 0
187         5.9461657734216296        0.0                                 0
188         5.9373199614943655        0.0                                 0
189         5.935542708621788        0.0                                 0
190         5.901472628693704        0.0                                 0
191         5.901213702272685        0.0                                 0
192         5.900045590046403        0.0                                 0
193         5.900045590046403        0.0                                 0
194         5.834180367943992        0.0                                 0
195         5.834180367943992        0.0                                 0
196         5.87455186645392        0.0                                 0
197         5.821261605324775        0.0                                 0
198         5.821261605324775        0.0                                 0
199         5.838932689536952        0.0                                 0
200         5.834460637623033        0.0                                 0
201         5.834460637623033        0.0                                 0
202         5.871766038226504        0.0                                 0
203         5.855677994875034        0.0                                 0
204         5.855677994875034        0.0                                 0
205         5.993694346471995        0.0                                 0
206         5.994204693484291        0.0                                 0
207         6.040674914664795        0.0                                 0
208         6.040794171773381        0.0                                 0
209         6.005194842145318        0.0                                 0
210         6.005194842145318        0.0                                 0
211         6.067065883755114        0.0                                 0
212         6.067065883755114        0.0                                 0
213         6.212397562481952        0.0                                 0
214         6.262536259151498        0.0                                 0
215         6.273862740788554        0.0                                 0
216         6.273875365996039        0.0                                 0
217         6.2080517837461375        0.0                                 0
218         6.2080517837461375        0.0                                 0
219         6.182690938368292        0.0                                 0
220         6.135977317053825        0.0                                 0
221         6.089540499021325        0.0                                 0
222         6.089540499021325        0.0                                 0
223         6.089832608532858        0.0                                 0
224         6.187878185188955        0.0                                 0
225         6.277740914271736        0.0                                 0
226         6.277740914271736        0.0                                 0
227         6.301538241727127        0.0                                 0
228         6.0558651185484145        0.0                                 0
229         6.0558651185484145        0.0                                 0
230         6.0815794948574755        0.0                                 0
231         6.074752310504118        0.0                                 0
232         6.064863329973543        0.0                                 0
233         6.064863329973543        0.0                                 0
234         6.015467194125273        0.0                                 0
235         6.015467194125273        0.0                                 0
236         5.87025516959633        0.0                                 0
237         5.87025516959633        0.0                                 0
238         5.874599651570229        0.0                                 0
239         5.869973930638181        0.0                                 0
240         5.869973930638181        0.0                                 0
241         5.884778108743085        0.0                                 0
242         5.884778108743085        0.0                                 0
243         5.884745233181063        0.0                                 0
244         5.8312529501612005        0.0                                 0
245         5.8312529501612005        0.0                                 0
246         5.858228115171275        0.0                                 0
247         5.943851207423849        0.0                                 0
248         5.943851207423849        0.0                                 0
249         5.945732116181389        0.0                                 0
250         5.949394884795099        0.0                                 0
251         5.978782454766763        0.0                                 0
252         6.115515371208819        0.0                                 0
253         6.278823151307134        0.0                                 0
254         6.433185740476304        0.0                                 0
255         6.431557252766168        0.0                                 0
256         6.431557252766168        0.0                                 0
257         6.486404748496594        0.0                                 0
258         6.506320393444472        0.0                                 0
259         6.569011508613663        0.0                                 0
260         6.565390185901848        0.0                                 0
261         6.564357840622219        0.0                                 0
262         6.544697357173055        0.0                                 0
263         6.423663895811926        0.0                                 0
264         6.423613590417746        0.0                                 0
265         6.423613590417746        0.0                                 0
266         6.474458083762734        0.0                                 0
267         6.480685996722319        0.0                                 0
268         6.513902147986811        0.0                                 0
269         6.515643584720138        0.0                                 0
270         6.545589409564322        0.0                                 0
271         6.382139004096487        0.0                                 0
272         6.382139004096487        0.0                                 0
273         6.3843303202687975        0.0                                 0
274         6.384463862089446        0.0                                 0
275         6.380816752084605        0.0                                 0
276         6.071167689787366        0.0                                 0
277         6.071167689787366        0.0                                 0
278         6.05908256687689        0.0                                 0
279         6.05908256687689        0.0                                 0
280         6.110579553785092        0.0                                 0
281         6.0686700638492255        0.0                                 0
282         6.063319867177566        0.0                                 0
283         6.063319867177566        0.0                                 0
284         6.00842480303442        0.0                                 0
285         6.00842480303442        0.0                                 0
286         6.192123441378452        0.0                                 0
287         6.0637665447421325        0.0                                 0
288         6.062254923166176        0.0                                 0
289         6.053781006107372        0.0                                 0
290         6.053041336563823        0.0                                 0
291         6.042529159769998        0.0                                 0
292         6.042529159769998        0.0                                 0
293         6.087472488809815        0.0                                 0
294         6.089728476570971        0.0                                 0
295         6.015768971812159        0.0                                 0
296         6.010699449792334        0.0                                 0
297         5.9204645443252035        0.0                                 0
298         5.9204645443252035        0.0                                 0
299         5.929227190657187        0.0                                 0
300         5.934578195304444        0.0                                 0
301         5.960841031994503        0.0                                 0
302         6.032322531769818        0.0                                 0
303         6.032322531769818        0.0                                 0
304         6.048692151669913        0.0                                 0
305         6.018022044915163        0.0                                 0
306         5.985051604953673        0.0                                 0
307         5.9686296320535055        0.0                                 0
308         5.9686296320535055        0.0                                 0
309         5.8186949805109        0.0                                 0
310         5.719796016356142        0.0                                 0
311         5.703582263997272        0.0                                 0
312         5.649782024187104        0.0                                 0
313         5.634113479289504        0.0                                 0
314         5.634113479289504        0.0                                 0
315         5.65189854771993        0.0                                 0
316         5.653967050488588        0.0                                 0
317         5.636685376945443        0.0                                 0
318         5.636685376945443        0.0                                 0
319         5.703275175786128        0.0                                 0
320         5.703275175786128        0.0                                 0
321         5.797514793177189        0.0                                 0
322         5.787176095729059        0.0                                 0
323         5.703316561151014        0.0                                 0
324         5.636291061117853        0.0                                 0
325         5.636291061117853        0.0                                 0
326         5.66977496748177        0.0                                 0
327         5.599936519267134        0.0                                 0
328         5.599936519267134        0.0                                 0
329         5.547058653384262        0.0                                 0
330         5.547058653384262        0.0                                 0
331         5.737695318574438        0.0                                 0
332         5.781088868137145        0.0                                 0
333         5.911980525579085        0.0                                 0
334         5.911980525579085        0.0                                 0
335         6.030393759396227        0.0                                 0
336         6.043249433721919        0.0                                 0
337         6.062466874155554        0.0                                 0
338         6.1217643012963725        0.0                                 0
339         6.06692707618007        0.0                                 0
340         6.048742861566835        0.0                                 0
341         6.048742861566835        0.0                                 0
342         6.034564067987702        0.0                                 0
343         6.034564067987702        0.0                                 0
344         6.059300239034815        0.0                                 0
345         5.982254035926969        0.0                                 0
346         5.982254035926969        0.0                                 0
347         5.739475370368252        0.0                                 0
348         5.739475370368252        0.0                                 0
349         5.733986360195294        0.0                                 0
350         5.718843858368689        0.0                                 0
351         5.718843858368689        0.0                                 0
352         5.755578785006301        0.0                                 0
353         5.708664621813514        0.0                                 0
354         5.708664621813514        0.0                                 0
355         5.637449644146443        0.0                                 0
356         5.637449644146443        0.0                                 0
357         5.729448323361668        0.0                                 0
358         5.763352193685533        0.0                                 0
359         5.755553616017461        0.0                                 0
360         5.665153580474667        0.0                                 0
361         5.665153580474667        0.0                                 0
362         5.881988299863741        0.0                                 0
363         6.04807778447857        0.0                                 0
364         6.051457360045641        0.0                                 0
365         5.959900993801118        0.0                                 0
366         5.877407704949167        0.0                                 0
367         5.782520861681529        0.0                                 0
368         5.782520861681529        0.0                                 0
369         5.777203100250164        0.0                                 0
370         5.777203100250164        0.0                                 0
371         5.876556255289772        0.0                                 0
372         5.973320595999649        0.0                                 0
373         5.974267124704619        0.0                                 0
374         5.919142353677496        0.0                                 0
375         5.912270693393841        0.0                                 0
376         5.912270693393841        0.0                                 0
377         6.03838405414696        0.0                                 0
378         6.03838405414696        0.0                                 0
379         6.1179319715975975        0.0                                 0
380         6.1179319715975975        0.0                                 0
381         6.2406808624376415        0.0                                 0
382         6.128493590701259        0.0                                 0
383         6.1274480679777055        0.0                                 0
384         6.085766270355597        0.0                                 0
385         6.085766270355597        0.0                                 0
386         6.184358738303199        0.0                                 0
387         6.157651358277127        0.0                                 0
388         6.157651358277127        0.0                                 0
389         6.178574191440111        0.0                                 0
390         6.104426573415338        0.0                                 0
391         6.104426573415338        0.0                                 0
392         6.106568629229672        0.0                                 0
393         6.106568629229672        0.0                                 0
394         6.204052409164069        0.0                                 0
395         6.212637689253417        0.0                                 0
396         6.199215823735747        0.0                                 0
397         6.199215823735747        0.0                                 0
398         6.2503431792986515        0.0                                 0
399         6.25010904791802        0.0                                 0
400         6.25010904791802        0.0                                 0
401         6.345738369780572        0.0                                 0
402         6.3440476387372735        0.0                                 0
403         6.332881199778779        0.0                                 0
404         6.199912169562038        0.0                                 0
405         6.199912169562038        0.0                                 0
406         6.199998244408447        0.0                                 0
407         6.2247583389785985        0.0                                 0
408         6.2176877573613965        0.0                                 0
409         6.2109116362269114        0.0                                 0
410         6.21043745335021        0.0                                 0
411         6.037118615120273        0.0                                 0
412         5.940575531689294        0.0                                 0
413         5.746831119917507        0.0                                 0
414         5.742666224648762        0.0                                 0
415         5.731341795098875        0.0                                 0
416         5.730147106852218        0.0                                 0
417         5.563863769152128        0.0                                 0
418         5.549397795192651        0.0                                 0
419         5.543635792151454        0.0                                 0
420         5.543635792151454        0.0                                 0
421         5.652422108126326        0.0                                 0
422         5.657504706320627        0.0                                 0
423         5.693972661760814        0.0                                 0
424         5.694311472168576        0.0                                 0
425         5.838127305263827        0.0                                 0
426         5.827630168283864        0.0                                 0
427         5.827630168283864        0.0                                 0
428         5.924010783799658        0.0                                 0
429         5.913079417251729        0.0                                 0
430         5.913079417251729        0.0                                 0
431         5.851991482021658        0.0                                 0
432         5.851991482021658        0.0                                 0
433         5.865202873528337        0.0                                 0
434         5.645268952605622        0.0                                 0
435         5.645268952605622        0.0                                 0
436         5.645295524368383        0.0                                 0
437         5.581847806750963        0.0                                 0
438         5.581008380880377        0.0                                 0
439         5.414498045940263        0.0                                 0
440         5.414498045940263        0.0                                 0
441         5.417510518972907        0.0                                 0
442         5.5246978213322        0.0                                 0
443         5.497460077848037        0.0                                 0
444         5.497460077848037        0.0                                 0
445         5.51353235940965        0.0                                 0
446         5.605438204526738        0.0                                 0
447         5.605438204526738        0.0                                 0
448         5.677576945887013        0.0                                 0
449         5.677701018940343        0.0                                 0
450         5.677701018940343        0.0                                 0
451         5.610875173850445        0.0                                 0
452         5.485995414778369        0.0                                 0
453         5.485995414778369        0.0                                 0
454         5.490156203706312        0.0                                 0
455         5.54900994277905        0.0                                 0
456         5.577898398482156        0.0                                 0
457         5.576728651072373        0.0                                 0
458         5.275940014358415        0.0                                 0
459         5.274270032192325        0.0                                 0
460         5.274270032192325        0.0                                 0
461         5.39998338456356        0.0                                 0
462         5.39998338456356        0.0                                 0
463         5.509372181443591        0.0                                 0
464         5.450578194884784        0.0                                 0
465         5.450578194884784        0.0                                 0
466         5.467871888770572        0.0                                 0
467         5.467871888770572        0.0                                 0
468         5.558955483593491        0.0                                 0
469         5.650699165737771        0.0                                 0
470         5.650699165737771        0.0                                 0
471         5.678877787024052        0.0                                 0
472         5.598972556121904        0.0                                 0
473         5.50074521622699        0.0                                 0
474         5.50074521622699        0.0                                 0
475         5.5616360488955685        0.0                                 0
476         5.665783695950259        0.0                                 0
477         5.688890185844164        0.0                                 0
478         5.681146238772397        0.0                                 0
479         5.616560417843913        0.0                                 0
480         5.616560417843913        0.0                                 0
481         5.646988253232165        0.0                                 0
482         5.761384989344117        0.0                                 0
483         5.783844104420521        0.0                                 0
484         5.761759271410833        0.0                                 0
485         5.674630069821925        0.0                                 0
486         5.668109290400673        0.0                                 0
487         5.666279385579705        0.0                                 0
488         5.666279385579705        0.0                                 0
489         5.480476140620279        0.0                                 0
490         5.480476140620279        0.0                                 0
491         5.6889097483220805        0.0                                 0
492         5.6889097483220805        0.0                                 0
493         5.689611508777384        0.0                                 0
494         5.779893148392037        0.0                                 0
495         5.790078025559796        0.0                                 0
496         5.723630633202864        0.0                                 0
497         5.692867765014136        0.0                                 0
498         5.55169208355987        0.0                                 0
499         5.537054352356055        0.0                                 0
500         5.448678405134966        0.0                                 0
501         5.362976090487233        0.0                                 0
502         5.362976090487233        0.0                                 0
503         5.257886371451283        0.0                                 0
504         5.244939978663837        0.0                                 0
505         5.244939978663837        0.0                                 0
506         5.3806251383142305        0.0                                 0
507         5.3806251383142305        0.0                                 0
508         5.354930558453134        0.0                                 0
509         5.354930558453134        0.0                                 0
510         5.363998016068004        0.0                                 0
511         5.366408306108081        0.0                                 0
512         5.367456463078016        0.0                                 0
513         5.369200004818516        0.0                                 0
514         5.376603004829236        0.0                                 0
515         5.392081334186786        0.0                                 0
516         5.392053606196908        0.0                                 0
517         5.275248598290151        0.0                                 0
518         5.266461078023709        0.0                                 0
519         5.207369291267474        0.0                                 0
520         5.177340669242364        0.0                                 0
521         5.177336819352165        0.0                                 0
522         5.1159210277460225        0.0                                 0
523         5.1159210277460225        0.0                                 0
524         5.1210981504199635        0.0                                 0
525         5.1210981504199635        0.0                                 0
526         5.206328963419216        0.0                                 0
527         5.199091248959886        0.0                                 0
528         5.199091248959886        0.0                                 0
529         5.253829022777023        0.0                                 0
530         5.254404526516269        0.0                                 0
531         5.279531423490598        0.0                                 0
532         5.366491739759014        0.0                                 0
533         5.36646385563193        0.0                                 0
534         5.364537521587476        0.0                                 0
535         5.364537521587476        0.0                                 0
536         5.374658268987176        0.0                                 0
537         5.473750082225205        0.0                                 0
538         5.473753319393472        0.0                                 0
539         5.4713781765158        0.0                                 0
540         5.355119482509309        0.0                                 0
541         5.346514269410807        0.0                                 0
542         5.346286264636683        0.0                                 0
543         5.346286264636683        0.0                                 0
544         5.354841753541837        0.0                                 0
545         5.221209864925772        0.0                                 0
546         5.221209864925772        0.0                                 0
547         5.32308844980895        0.0                                 0
548         5.246279510768781        0.0                                 0
549         5.246279510768781        0.0                                 0
550         5.419442529511496        0.0                                 0
551         5.419442529511496        0.0                                 0
552         5.4989221864920985        0.0                                 0
553         5.494208837415027        0.0                                 0
554         5.494208837415027        0.0                                 0
555         5.4962841569651175        0.0                                 0
556         5.4962841569651175        0.0                                 0
557         5.542015092325602        0.0                                 0
558         5.5460901879988125        0.0                                 0
559         5.549207651435469        0.0                                 0
560         5.577821049045526        0.0                                 0
561         5.7560664836691195        0.0                                 0
562         5.801159662169202        0.0                                 0
563         5.82906033039275        0.0                                 0
564         5.801127084179478        0.0                                 0
565         5.801127084179478        0.0                                 0
566         5.74249829241603        0.0                                 0
567         5.74249829241603        0.0                                 0
568         5.7778594022824645        0.0                                 0
569         5.813925790213557        0.0                                 0
570         5.813925790213557        0.0                                 0
571         5.815958384143018        0.0                                 0
572         5.8213572191062255        0.0                                 0
573         5.854955813572736        0.0                                 0
574         5.8434135521492925        0.0                                 0
575         5.8434135521492925        0.0                                 0
576         5.821009263524574        0.0                                 0
577         5.783541244876403        0.0                                 0
578         5.727888678571944        0.0                                 0
579         5.727888678571944        0.0                                 0
580         5.758091462388725        0.0                                 0
581         5.759353083138848        0.0                                 0
582         5.75948123924626        0.0                                 0
583         5.797991507987362        0.0                                 0
584         5.83070387157094        0.0                                 0
585         5.829348767458895        0.0                                 0
586         5.823228707841729        0.0                                 0
587         5.823228707841729        0.0                                 0
588         5.831351012634876        0.0                                 0
589         5.860950354528415        0.0                                 0
590         5.799815686163643        0.0                                 0
591         5.798776506483231        0.0                                 0
592         5.798776506483231        0.0                                 0
593         5.86389291393968        0.0                                 0
594         5.8177028503367945        0.0                                 0
595         5.79649765026234        0.0                                 0
596         5.796473858188987        0.0                                 0
597         5.796473858188987        0.0                                 0
598         5.798302159026269        0.0                                 0
599         5.649330138136241        0.0                                 0
600         5.506844779464997        0.0                                 0
601         5.499638522013977        0.0                                 0
602         5.494671810246147        0.0                                 0
603         5.494671810246147        0.0                                 0
604         5.494734429505964        0.0                                 0
605         5.3921572461928795        0.0                                 0
606         5.225371668572431        0.0                                 0
607         5.225366516321222        0.0                                 0
608         5.217170378092941        0.0                                 0
609         5.217170378092941        0.0                                 0
610         5.253057578772175        0.0                                 0
611         5.350785335586174        0.0                                 0
612         5.353032502402868        0.0                                 0
613         5.364645293962768        0.0                                 0
614         5.364645293962768        0.0                                 0
615         5.542029551210955        0.0                                 0
616         5.54043299776561        0.0                                 0
617         5.540192549502447        0.0                                 0
618         5.512979332508062        0.0                                 0
619         5.512979332508062        0.0                                 0
620         5.524869119460099        0.0                                 0
621         5.58282399097821        0.0                                 0
622         5.58282399097821        0.0                                 0
623         5.647220832796089        0.0                                 0
624         5.647220832796089        0.0                                 0
625         5.651956454337196        0.0                                 0
626         5.681536394701633        0.0                                 0
627         5.726289582909569        0.0                                 0
628         5.702189864596079        0.0                                 0
629         5.544257307790283        0.0                                 0
630         5.544257307790283        0.0                                 0
631         5.547853216710594        0.0                                 0
632         5.374626055015787        0.0                                 0
633         5.374626055015787        0.0                                 0
634         5.402968984525447        0.0                                 0
635         5.259316376688311        0.0                                 0
636         5.259316376688311        0.0                                 0
637         5.306973407903368        0.0                                 0
638         5.306973407903368        0.0                                 0
639         5.40459397228999        0.0                                 0
640         5.398817441892949        0.0                                 0
641         5.254571302441201        0.0                                 0
642         5.235097125781481        0.0                                 0
643         5.231129948605623        0.0                                 0
644         5.168541377749916        0.0                                 0
645         5.159357457581041        0.0                                 0
646         5.159357457581041        0.0                                 0
647         5.194794555750219        0.0                                 0
648         5.194794555750219        0.0                                 0
649         5.200314487197512        0.0                                 0
650         5.200167713859902        0.0                                 0
651         5.155241540317822        0.0                                 0
652         5.152313910120979        0.0                                 0
653         5.152313910120979        0.0                                 0
654         5.155478623380109        0.0                                 0
655         5.155478623380109        0.0                                 0
656         5.192010464944497        0.0                                 0
657         5.209545920557204        0.0                                 0
658         5.313251693925207        0.0                                 0
659         5.3099736789377845        0.0                                 0
660         5.3099736789377845        0.0                                 0
661         5.512448313755457        0.0                                 0
662         5.512448313755457        0.0                                 0
663         5.529835626191646        0.0                                 0
664         5.528712446404898        0.0                                 0
665         5.528712446404898        0.0                                 0
666         5.529876800225104        0.0                                 0
667         5.322136925229127        0.0                                 0
668         5.315047915260659        0.0                                 0
669         5.315047915260659        0.0                                 0
670         5.316873611565047        0.0                                 0
671         5.323762638511456        0.0                                 0
672         5.3240411676186605        0.0                                 0
673         5.333703414337463        0.0                                 0
674         5.333710247564332        0.0                                 0
675         5.432965372788734        0.0                                 0
676         5.174365466224312        0.0                                 0
677         5.174365466224312        0.0                                 0
678         5.197148126269499        0.0                                 0
679         5.22330274145063        0.0                                 0
680         5.22330274145063        0.0                                 0
681         5.3648458620417205        0.0                                 0
682         5.364917857882837        0.0                                 0
683         5.391524222509374        0.0                                 0
684         5.3920669399316825        0.0                                 0
685         5.392525040603949        0.0                                 0
686         5.394675533060582        0.0                                 0
687         5.430670635574928        0.0                                 0
688         5.430724766519106        0.0                                 0
689         5.434002450957595        0.0                                 0
690         5.286870905364141        0.0                                 0
691         5.268002170736577        0.0                                 0
692         5.268002170736577        0.0                                 0
693         5.300569889442025        0.0                                 0
694         5.2878793618066915        0.0                                 0
695         5.2878793618066915        0.0                                 0
696         5.294550914290494        0.0                                 0
697         5.295100476545635        0.0                                 0
698         5.231987157110076        0.0                                 0
699         5.062905620749918        0.0                                 0
700         5.027258648305529        0.0                                 0
701         5.027258648305529        0.0                                 0
702         5.018333920269921        0.0                                 0
703         4.926921873785553        0.0                                 0
704         4.926306118167481        0.0                                 0
705         4.926306118167481        0.0                                 0
706         4.926573491293091        0.0                                 0
707         5.0554893812669235        0.0                                 0
708         5.056101950221636        0.0                                 0
709         5.056301750433264        0.0                                 0
710         5.154221419869335        0.0                                 0
711         5.248514199805472        0.0                                 0
712         5.409580260588428        0.0                                 0
713         5.457988838497498        0.0                                 0
714         5.448614308837675        0.0                                 0
715         5.448614308837675        0.0                                 0
716         5.4405417928460835        0.0                                 0
717         5.4405417928460835        0.0                                 0
718         5.4251962500636655        0.0                                 0
719         5.4251962500636655        0.0                                 0
720         5.533864827524319        0.0                                 0
721         5.533864827524319        0.0                                 0
722         5.771123519793223        0.0                                 0
723         5.7867264922167365        0.0                                 0
724         5.764826998091456        0.0                                 0
725         5.600183808016768        0.0                                 0
726         5.58586683613676        0.0                                 0
727         5.58586683613676        0.0                                 0
728         5.576912156240132        0.0                                 0
729         5.576499688238679        0.0                                 0
730         5.576298257043735        0.0                                 0
731         5.568204969477122        0.0                                 0
732         5.568204969477122        0.0                                 0
733         5.615871908785375        0.0                                 0
734         5.6158992469018045        0.0                                 0
735         5.616583835587733        0.0                                 0
736         5.6158824302756        0.0                                 0
737         5.6158824302756        0.0                                 0
738         5.664942071983933        0.0                                 0
739         5.661428677763099        0.0                                 0
740         5.633570208103711        0.0                                 0
741         5.633570208103711        0.0                                 0
742         5.7272642211153        0.0                                 0
743         5.731551813464652        0.0                                 0
744         5.730475929327715        0.0                                 0
745         5.637314684914084        0.0                                 0
746         5.594056584179642        0.0                                 0
747         5.571293431161143        0.0                                 0
748         5.491343819778314        0.0                                 0
749         5.488009179715673        0.0                                 0
750         5.478306605337251        0.0                                 0
751         5.478306605337251        0.0                                 0
752         5.404833436587789        0.0                                 0
753         5.404833436587789        0.0                                 0
754         5.495266278155372        0.0                                 0
755         5.4616453114381365        0.0                                 0
756         5.269176622364512        0.0                                 0
757         5.250055744231493        0.0                                 0
758         5.250055744231493        0.0                                 0
759         5.211823334791299        0.0                                 0
760         5.109144491922289        0.0                                 0
761         4.995971520662151        0.0                                 0
762         4.995971520662151        0.0                                 0
763         4.792226544522094        0.0                                 0
764         4.79220486426363        0.0                                 0
765         4.79220486426363        0.0                                 0
766         4.889425440633722        0.0                                 0
767         4.889425440633722        0.0                                 0
768         4.97158826616101        0.0                                 0
769         5.087412411589571        0.0                                 0
770         5.094634151694311        0.0                                 0
771         5.115854403595824        0.0                                 0
772         4.978761350734857        0.0                                 0
773         4.978761350734857        0.0                                 0
774         4.979087099310637        0.0                                 0
775         4.932557588734516        0.0                                 0
776         4.932557588734516        0.0                                 0
777         4.946819530856652        0.0                                 0
778         4.946819530856652        0.0                                 0
779         4.949962647140255        0.0                                 0
780         4.885790379990241        0.0                                 0
781         4.885790379990241        0.0                                 0
782         4.888819220304289        0.0                                 0
783         4.939743024011284        0.0                                 0
784         4.925325511685842        0.0                                 0
785         4.923090941959936        0.0                                 0
786         4.923090941959936        0.0                                 0
787         4.92354162525748        0.0                                 0
788         4.911101808817863        0.0                                 0
789         4.911066850242496        0.0                                 0
790         4.888967127002212        0.0                                 0
791         4.888967127002212        0.0                                 0
792         5.105108525234186        0.0                                 0
793         5.105108525234186        0.0                                 0
794         5.29569831829451        0.0                                 0
795         5.376762791438475        0.0                                 0
796         5.379228816692079        0.0                                 0
797         5.353301676539893        0.0                                 0
798         5.353301676539893        0.0                                 0
799         5.395058329233015        0.0                                 0
800         5.395235485848269        0.0                                 0
801         5.386079481382587        0.0                                 0
802         5.380493403099809        0.0                                 0
803         5.290644940373531        0.0                                 0
804         5.267337210303205        0.0                                 0
805         5.267337210303205        0.0                                 0
806         5.135067306011466        0.0                                 0
807         5.128951142195975        0.0                                 0
808         5.123184998810084        0.0                                 0
809         5.123184998810084        0.0                                 0
810         4.94804586070814        0.0                                 0
811         4.94804586070814        0.0                                 0
812         4.979872979679449        0.0                                 0
813         4.979872979679449        0.0                                 0
814         4.982103386208948        0.0                                 0
815         5.0034663530746695        0.0                                 0
816         4.960463972666503        0.0                                 0
817         4.960463972666503        0.0                                 0
818         4.961085588012746        0.0                                 0
819         4.961712878908731        0.0                                 0
820         4.987477515705496        0.0                                 0
821         4.980129785556263        0.0                                 0
822         4.979495444071605        0.0                                 0
823         4.935001167181678        0.0                                 0
824         4.935001167181678        0.0                                 0
825         5.24603382803143        0.0                                 0
826         5.290208307734665        0.0                                 0
827         5.337261831049759        0.0                                 0
828         5.648960516414083        0.0                                 0
829         5.569909749118398        0.0                                 0
830         5.569909749118398        0.0                                 0
831         5.57253777485324        0.0                                 0
832         5.576261970295488        0.0                                 0
833         5.554530179251427        0.0                                 0
834         5.554530179251427        0.0                                 0
835         5.60401679892523        0.0                                 0
836         5.551971909975713        0.0                                 0
837         5.386625066315811        0.0                                 0
838         5.386625066315811        0.0                                 0
839         5.468599771853094        0.0                                 0
840         5.378421414303466        0.0                                 0
841         5.166476953310612        0.0                                 0
842         5.16479702025237        0.0                                 0
843         5.16479702025237        0.0                                 0
844         5.198327163776632        0.0                                 0
845         5.195907658409487        0.0                                 0
846         5.195907658409487        0.0                                 0
847         5.366657148028412        0.0                                 0
848         5.2305683093822095        0.0                                 0
849         5.2305683093822095        0.0                                 0
850         5.203350554270485        0.0                                 0
851         5.193131306917452        0.0                                 0
852         4.9544477520237225        0.0                                 0
853         4.9544477520237225        0.0                                 0
854         4.810036682604821        0.0                                 0
855         4.810036682604821        0.0                                 0
856         4.90995502543873        0.0                                 0
857         4.921417348567389        0.0                                 0
858         5.005869223670103        0.0                                 0
859         5.034453252904266        0.0                                 0
860         5.0531211743615705        0.0                                 0
861         5.148461210572179        0.0                                 0
862         5.148461210572179        0.0                                 0
863         5.167418099807137        0.0                                 0
864         5.165818409747845        0.0                                 0
865         5.163640641874388        0.0                                 0
866         5.156911342321554        0.0                                 0
867         5.156911342321554        0.0                                 0
868         5.187556524023304        0.0                                 0
869         5.190945020501932        0.0                                 0
870         5.190895862203718        0.0                                 0
871         5.079105997110782        0.0                                 0
872         5.079105997110782        0.0                                 0
873         5.048525491672015        0.0                                 0
874         5.048525491672015        0.0                                 0
875         5.12314795696191        0.0                                 0
876         5.294236938295833        0.0                                 0
877         5.483267176850452        0.0                                 0
878         5.481648782000201        0.0                                 0
879         5.481648782000201        0.0                                 0
880         5.498096823339811        0.0                                 0
881         5.623677335960951        0.0                                 0
882         5.622390255631131        0.0                                 0
883         5.612858509072844        0.0                                 0
884         5.569840950436795        0.0                                 0
885         5.569588477554693        0.0                                 0
886         5.569588477554693        0.0                                 0
887         5.738796503472402        0.0                                 0
888         5.814700124405119        0.0                                 0
889         5.814700124405119        0.0                                 0
890         5.893271811948372        0.0                                 0
891         5.864902913628595        0.0                                 0
892         5.760825832218201        0.0                                 0
893         5.760825832218201        0.0                                 0
894         5.6689102494075945        0.0                                 0
895         5.6689102494075945        0.0                                 0
896         5.712802134086276        0.0                                 0
897         5.6116095658848        0.0                                 0
898         5.6116095658848        0.0                                 0
899         5.611442227111551        0.0                                 0
900         5.606794138148446        0.0                                 0
901         5.535252231366156        0.0                                 0
902         5.535252231366156        0.0                                 0
903         5.603154321293042        0.0                                 0
904         5.603154321293042        0.0                                 0
905         5.605944775989642        0.0                                 0
906         5.5947150713486735        0.0                                 0
907         5.5947150713486735        0.0                                 0
908         5.669836381332639        0.0                                 0
909         5.669836381332639        0.0                                 0
910         5.669885897382798        0.0                                 0
911         5.778919060400684        0.0                                 0
912         5.723845573490635        0.0                                 0
913         5.723845573490635        0.0                                 0
914         5.731677289366541        0.0                                 0
915         5.736396152461975        0.0                                 0
916         5.716220437019185        0.0                                 0
917         5.716220437019185        0.0                                 0
918         5.598952832972783        0.0                                 0
919         5.5897489368333515        0.0                                 0
920         5.5897489368333515        0.0                                 0
921         5.625722449486199        0.0                                 0
922         5.538984378172743        0.0                                 0
923         5.538984378172743        0.0                                 0
924         5.688371620649605        0.0                                 0
925         5.695750092779535        0.0                                 0
926         5.527705390915763        0.0                                 0
927         5.5259628886893655        0.0                                 0
928         5.5259628886893655        0.0                                 0
929         5.528430982508812        0.0                                 0
930         5.455142843215494        0.0                                 0
931         5.4483485312478        0.0                                 0
932         5.4472632410969855        0.0                                 0
933         5.4472632410969855        0.0                                 0
934         5.567398262434631        0.0                                 0
935         5.570505296197808        0.0                                 0
936         5.5715502800826275        0.0                                 0
937         5.588046209108024        0.0                                 0
938         5.509920552745587        0.0                                 0
939         5.509920552745587        0.0                                 0
940         5.52330981267791        0.0                                 0
941         5.598757269495242        0.0                                 0
942         5.5981706425142        0.0                                 0
943         5.562821377311787        0.0                                 0
944         5.562821377311787        0.0                                 0
945         5.634614335200964        0.0                                 0
946         5.639857567104464        0.0                                 0
947         5.658432891285719        0.0                                 0
948         5.684530765415657        0.0                                 0
949         5.68485605224303        0.0                                 0
950         5.800357905373293        0.0                                 0
951         5.8076561208512425        0.0                                 0
952         5.8076561208512425        0.0                                 0
953         5.967423102369238        0.0                                 0
954         5.967423102369238        0.0                                 0
955         5.997215834581741        0.0                                 0
956         5.997726869867761        0.0                                 0
957         5.9647708102211405        0.0                                 0
958         5.727971913054913        0.0                                 0
959         5.71558577913826        0.0                                 0
960         5.705830614405466        0.0                                 0
961         5.607732573144147        0.0                                 0
962         5.607732573144147        0.0                                 0
963         5.608467618411627        0.0                                 0
964         5.609307002536572        0.0                                 0
965         5.6919183716928305        0.0                                 0
966         5.920534727838563        0.0                                 0
967         5.904377420292134        0.0                                 0
968         5.904377420292134        0.0                                 0
969         5.913034934947101        0.0                                 0
970         5.983988916318786        0.0                                 0
971         5.988204350170422        0.0                                 0
972         6.002548688695693        0.0                                 0
973         6.001410211427112        0.0                                 0
974         6.001410211427112        0.0                                 0
975         6.0484161093102555        0.0                                 0
976         6.0484161093102555        0.0                                 0
977         6.0514692359718945        0.0                                 0
978         6.086343067752237        0.0                                 0
979         6.086343067752237        0.0                                 0
980         6.094508639057464        0.0                                 0
981         6.094508639057464        0.0                                 0
982         6.13107613739551        0.0                                 0
983         6.130982012682687        0.0                                 0
984         6.130982012682687        0.0                                 0
985         6.204659513155231        0.0                                 0
986         6.198763627638391        0.0                                 0
987         6.198763627638391        0.0                                 0
988         6.198799298646616        0.0                                 0
989         6.171542820336932        0.0                                 0
990         6.171535858526853        0.0                                 0
991         6.170376967985799        0.0                                 0
992         6.152099808045766        0.0                                 0
993         6.152099808045766        0.0                                 0
994         6.153819816059525        0.0                                 0
995         6.154132891229237        0.0                                 0
996         6.155553892488399        0.0                                 0
997         5.980922293855852        0.0                                 0
998         5.917621547052031        0.0                                 0
999         5.917621547052031        0.0                                 0
// Funcion: ackley Enfriamiento: lineal Semilla: 128962395