iteracion  mejor_solucion    distancia_euclidiana                 distancia_hamming
0         5.790300235469882        0.0                                 0
1         5.791274527978693        0.0                                 0
2         5.929275255173923        0.0                                 0
3         5.745310848777245        0.0                                 0
4         5.745310848777245        0.0                                 0
5         5.484139213541376        0.0                                 0
6         5.478118780573        0.0                                 0
7         5.478118780573        0.0                                 0
8         5.583077122583702        0.0                                 0
9         5.5144775610404135        0.0                                 0
10         5.5092248315511085        0.0                                 0
11         5.5092248315511085        0.0                                 0
12         5.544633315955727        0.0                                 0
13         5.52887960231446        0.0                                 0
14         5.52887960231446        0.0                                 0
15         5.690647855921925        0.0                                 0
16         5.687810951886527        0.0                                 0
17         5.687810951886527        0.0                                 0
18         5.686021895945771        0.0                                 0
19         5.686021895945771        0.0                                 0
20         5.69310881185436        0.0                                 0
21         5.676116093457697        0.0                                 0
22         5.534182414947015        0.0                                 0
23         5.522189603693234        0.0                                 0
24         5.521282352650547        0.0                                 0
25         5.521282352650547        0.0                                 0
26         5.630399424401948        0.0                                 0
27         5.696221447212711        0.0                                 0
28         5.870260391947403        0.0                                 0
29         5.870260391947403        0.0                                 0
30         5.853526056294583        0.0                                 0
31         5.853526056294583        0.0                                 0
32         5.921288993719024        0.0                                 0
33         5.921902144234229        0.0                                 0
34         5.914078655425607        0.0                                 0
35         5.914078655425607        0.0                                 0
36         5.933462573333573        0.0                                 0
37         6.045589859381515        0.0                                 0
38         5.999407816905029        0.0                                 0
39         5.8504879348688        0.0                                 0
40         5.8504879348688        0.0                                 0
41         6.001932878803045        0.0                                 0
42         5.872480502916724        0.0                                 0
43         5.849152419060843        0.0                                 0
44         5.849152419060843        0.0                                 0
45         5.905717073283187        0.0                                 0
46         5.874704745387047        0.0                                 0
47         5.872721795459915        0.0                                 0
48         5.872662881830351        0.0                                 0
49         5.87263175855732        0.0                                 0
50         5.721868748901036        0.0                                 0
51         5.721868748901036        0.0                                 0
52         5.634910432652243        0.0                                 0
53         5.634910432652243        0.0                                 0
54         5.646600182129427        0.0                                 0
55         5.646600182129427        0.0                                 0
56         5.663588278192746        0.0                                 0
57         5.658379332472449        0.0                                 0
58         5.658295224186745        0.0                                 0
59         5.658295224186745        0.0                                 0
60         5.671199206034797        0.0                                 0
61         5.60894823393788        0.0                                 0
62         5.607906021312097        0.0                                 0
63         5.577265731396275        0.0                                 0
64         5.426478899020015        0.0                                 0
65         5.355439534943412        0.0                                 0
66         5.338257064802967        0.0                                 0
67         5.331429070539999        0.0                                 0
68         5.238544054103447        0.0                                 0
69         5.238544054103447        0.0                                 0
70         5.240873446438432        0.0                                 0
71         5.2280102589403885        0.0                                 0
72         5.227911904987074        0.0                                 0
73         5.227911904987074        0.0                                 0
74         5.240845197973453        0.0                                 0
75         5.124345294615194        0.0                                 0
76         5.124345294615194        0.0                                 0
77         5.128380877559063        0.0                                 0
78         5.087856893297056        0.0                                 0
79         5.087856893297056        0.0                                 0
80         4.955839545433992        0.0                                 0
81         4.855706613860663        0.0                                 0
82         4.855706613860663        0.0                                 0
83         4.684018891283646        0.0                                 0
84         4.684018891283646        0.0                                 0
85         5.007487931492779        0.0                                 0
86         5.007487931492779        0.0                                 0
87         5.0129621393326165        0.0                                 0
88         5.0129621393326165        0.0                                 0
89         5.045652475172431        0.0                                 0
90         5.045652475172431        0.0                                 0
91         5.0496918281395935        0.0                                 0
92         5.0993030429690736        0.0                                 0
93         5.099975715330585        0.0                                 0
94         5.1006570821866415        0.0                                 0
95         5.107560255585032        0.0                                 0
96         5.107560255585032        0.0                                 0
97         5.008070898923801        0.0                                 0
98         4.834541109062041        0.0                                 0
99         4.834541109062041        0.0                                 0
100         4.781903278408846        0.0                                 0
101         4.781903278408846        0.0                                 0
102         4.744831605633974        0.0                                 0
103         4.689655129370232        0.0                                 0
104         4.687898925481633        0.0                                 0
105         4.687880599408482        0.0                                 0
106         4.687880599408482        0.0                                 0
107         4.683058823649587        0.0                                 0
108         4.683058823649587        0.0                                 0
109         4.7873448471832525        0.0                                 0
110         4.787155980798106        0.0                                 0
111         4.787155980798106        0.0                                 0
112         4.811061305034523        0.0                                 0
113         4.6775124118773315        0.0                                 0
114         4.6775124118773315        0.0                                 0
115         4.899095204684206        0.0                                 0
116         4.865431662625527        0.0                                 0
117         4.865431662625527        0.0                                 0
118         5.09867568135358        0.0                                 0
119         5.100749065660606        0.0                                 0
120         5.122563080147551        0.0                                 0
121         5.132348076959883        0.0                                 0
122         5.165274655903521        0.0                                 0
123         5.1787543229083175        0.0                                 0
124         5.228537036862103        0.0                                 0
125         5.221647014300963        0.0                                 0
126         5.18988532070159        0.0                                 0
127         5.18988532070159        0.0                                 0
128         5.305655639898523        0.0                                 0
129         5.381897597323144        0.0                                 0
130         5.283594986173034        0.0                                 0
131         5.283594986173034        0.0                                 0
132         5.378722873640076        0.0                                 0
133         5.375355321910593        0.0                                 0
134         5.371081284480406        0.0                                 0
135         5.371081284480406        0.0                                 0
136         5.352970036512357        0.0                                 0
137         5.352970036512357        0.0                                 0
138         5.4929610424006015        0.0                                 0
139         5.507206898496598        0.0                                 0
140         5.5143969941966215        0.0                                 0
141         5.51440099047102        0.0                                 0
142         5.596344878025631        0.0                                 0
143         5.596344878025631        0.0                                 0
144         5.468172230423124        0.0                                 0
145         5.468172230423124        0.0                                 0
146         5.46947374118525        0.0                                 0
147         5.542862291922026        0.0                                 0
148         5.542127614867406        0.0                                 0
149         5.524535811629883        0.0                                 0
150         5.499953853807709        0.0                                 0
151         5.499953853807709        0.0                                 0
152         5.5424196995750465        0.0                                 0
153         5.486599710394635        0.0                                 0
154         5.486599710394635        2.23606797749979                                 5
155         5.356424814309417        0.0                                 0
156         5.356424814309417        0.0                                 0
157         5.410287469072188        0.0                                 0
158         5.410287469072188        0.0                                 0
159         5.349345874328839        0.0                                 0
160         5.294320911744283        0.0                                 0
161         5.294320911744283        0.0                                 0
162         5.366343861320159        0.0                                 0
163         5.454743718949522        0.0                                 0
164         5.454725274951065        0.0                                 0
165         5.4420313912443135        0.0                                 0
166         5.319518514597869        0.0                                 0
167         5.316170929940683        0.0                                 0
168         5.149556502654291        0.0                                 0
169         5.149556502654291        0.0                                 0
170         5.149822067103287        0.0                                 0
171         5.230886655935836        0.0                                 0
172         5.290258415572901        0.0                                 0
173         5.290568815101754        0.0                                 0
174         5.395890715200765        0.0                                 0
175         5.3978920681158336        0.0                                 0
176         5.4117027304402185        0.0                                 0
177         5.4117027304402185        2.23606797749979                                 5
178         5.339709407909557        0.0                                 0
179         5.339709407909557        0.0                                 0
180         5.149810216691754        0.0                                 0
181         5.057346524518104        0.0                                 0
182         5.057346524518104        0.0                                 0
183         5.165085108714864        0.0                                 0
184         5.261739926410188        2.23606797749979                                 5
185         5.261739926410188        0.0                                 0
186         5.23321725696915        0.0                                 0
187         5.212549485323311        0.0                                 0
188         5.212549485323311        2.23606797749979                                 5
189         5.212549485323311        2.23606797749979                                 5
190         5.201570934541213        0.0                                 0
191         5.201570934541213        0.0                                 0
192         5.120109197364135        0.0                                 0
193         5.120109197364135        2.23606797749979                                 5
194         5.120109197364135        0.0                                 0
195         5.090366858881322        0.0                                 0
196         5.034614654829719        0.0                                 0
197         5.034614654829719        2.23606797749979                                 5
198         5.034614654829719        0.0                                 0
199         5.040167603681974        0.0                                 0
200         5.040167603681974        0.0                                 0
201         5.040174593399733        2.23606797749979                                 5
202         5.040174593399733        0.0                                 0
203         5.0360988701343        0.0                                 0
204         5.0360988701343        2.23606797749979                                 5
205         5.028272869143188        0.0                                 0
206         5.028272869143188        0.0                                 0
207         4.985701071076732        0.0                                 0
208         4.985701071076732        2.23606797749979                                 5
209         4.985701071076732        0.0                                 0
210         4.992575865976892        2.23606797749979                                 5
211         4.992575865976892        0.0                                 0
212         4.958818574957119        0.0                                 0
213         4.758189018538554        0.0                                 0
214         4.758189018538554        2.23606797749979                                 5
215         4.758189018538554        2.23606797749979                                 5
216         4.758189018538554        0.0                                 0
217         4.685713443066236        0.0                                 0
218         4.685713443066236        2.23606797749979                                 5
219         4.582056071313542        0.0                                 0
220         4.477904303426384        0.0                                 0
221         4.3539093389047405        0.0                                 0
222         4.338645431952105        0.0                                 0
223         4.332123428540974        0.0                                 0
224         4.332123428540974        2.23606797749979                                 5
225         4.323999610815796        0.0                                 0
226         4.265205877080832        0.0                                 0
227         4.265205877080832        2.23606797749979                                 5
228         4.265205877080832        2.23606797749979                                 5
229         4.265205877080832        2.23606797749979                                 5
230         4.17595842629727        0.0                                 0
231         4.17595842629727        2.23606797749979                                 5
232         4.17595842629727        0.0                                 0
233         4.181949648810683        2.23606797749979                                 5
234         4.1631737984144195        0.0                                 0
235         4.08709919611775        0.0                                 0
236         4.061932847407641        0.0                                 0
237         4.061932847407641        2.23606797749979                                 5
238         4.061932847407641        2.23606797749979                                 5
239         4.061932847407641        2.23606797749979                                 5
240         4.061932847407641        2.23606797749979                                 5
241         4.061932847407641        2.23606797749979                                 5
242         4.061932847407641        2.23606797749979                                 5
243         4.061671721402492        0.0                                 0
244         4.061671721402492        2.23606797749979                                 5
245         4.061671721402492        2.23606797749979                                 5
246         4.058525296346824        0.0                                 0
247         4.058525296346824        2.23606797749979                                 5
248         3.996895158835512        0.0                                 0
249         3.996895158835512        2.23606797749979                                 5
250         3.993320718324476        0.0                                 0
251         3.8465594608366773        0.0                                 0
252         3.8465594608366773        2.23606797749979                                 5
253         3.8465594608366773        2.23606797749979                                 5
254         3.8367798894102885        0.0                                 0
255         3.8367798894102885        2.23606797749979                                 5
256         3.8367798894102885        2.23606797749979                                 5
257         3.834818933864413        0.0                                 0
258         3.834818933864413        2.23606797749979                                 5
259         3.799809864548015        0.0                                 0
260         3.799809864548015        2.23606797749979                                 5
261         3.791714507205966        0.0                                 0
262         3.7730331171213027        0.0                                 0
263         3.7730331171213027        2.23606797749979                                 5
264         3.7730331171213027        2.23606797749979                                 5
265         3.7730057100528893        0.0                                 0
266         3.725354761586096        0.0                                 0
267         3.725354761586096        2.23606797749979                                 5
268         3.725354761586096        2.23606797749979                                 5
269         3.725310004718776        0.0                                 0
270         3.725310004718776        2.23606797749979                                 5
271         3.725310004718776        2.23606797749979                                 5
272         3.725310004718776        2.23606797749979                                 5
273         3.725310004718776        0.0                                 0
274         3.725734020879194        2.23606797749979                                 5
275         3.4751105959025725        0.0                                 0
276         3.4751105959025725        2.23606797749979                                 5
277         3.4747493176950446        0.0                                 0
278         3.4747493176950446        2.23606797749979                                 5
279         3.4747493176950446        2.23606797749979                                 5
280         3.4747493176950446        2.23606797749979                                 5
281         3.4747493176950446        2.23606797749979                                 5
282         3.439691009629124        0.0                                 0
283         3.439691009629124        2.23606797749979                                 5
284         3.405951453249451        0.0                                 0
285         3.405951453249451        2.23606797749979                                 5
286         3.405951453249451        0.0                                 0
287         3.405957475219214        2.23606797749979                                 5
288         3.405957475219214        2.23606797749979                                 5
289         3.405957475219214        2.23606797749979                                 5
290         3.405957475219214        2.23606797749979                                 5
291         3.338420461809017        0.0                                 0
292         3.338420461809017        2.23606797749979                                 5
293         3.338420461809017        2.23606797749979                                 5
294         3.338420461809017        2.23606797749979                                 5
295         3.338420461809017        2.23606797749979                                 5
296         3.338420461809017        2.23606797749979                                 5
297         3.338420461809017        2.23606797749979                                 5
298         3.290175241981191        0.0                                 0
299         3.2554728980669605        0.0                                 0
300         3.255347881818187        0.0                                 0
301         3.255347881818187        2.23606797749979                                 5
302         3.255347881818187        2.23606797749979                                 5
303         3.255347881818187        2.23606797749979                                 5
304         3.255347881818187        2.23606797749979                                 5
305         3.2500422987437343        0.0                                 0
306         3.2500422987437343        2.23606797749979                                 5
307         3.2500422987437343        2.23606797749979                                 5
308         3.2500422987437343        2.23606797749979                                 5
309         3.2500422987437343        2.23606797749979                                 5
310         3.2500422987437343        2.23606797749979                                 5
311         3.2500422987437343        2.23606797749979                                 5
312         3.2500422987437343        2.23606797749979                                 5
313         3.2500422987437343        2.23606797749979                                 5
314         3.2450919828714238        0.0                                 0
315         3.2450919828714238        2.23606797749979                                 5
316         3.2450919828714238        2.23606797749979                                 5
317         3.2450919828714238        2.23606797749979                                 5
318         3.2450919828714238        2.23606797749979                                 5
319         3.2450919828714238        2.23606797749979                                 5
320         3.2450919828714238        2.23606797749979                                 5
321         3.2450919828714238        2.23606797749979                                 5
322         3.2450919828714238        2.23606797749979                                 5
323         3.2450919828714238        2.23606797749979                                 5
324         3.2193116567891975        0.0                                 0
325         3.206047553584985        0.0                                 0
326         3.2005817404133357        0.0                                 0
327         3.2005817404133357        2.23606797749979                                 5
328         3.2005817404133357        2.23606797749979                                 5
329         3.2003571734750187        0.0                                 0
330         3.2003571734750187        2.23606797749979                                 5
331         3.199517799224415        0.0                                 0
332         3.199517799224415        2.23606797749979                                 5
333         3.199517799224415        2.23606797749979                                 5
334         3.199517799224415        2.23606797749979                                 5
335         3.199517799224415        2.23606797749979                                 5
336         3.196795206140979        0.0                                 0
337         3.196242641737131        0.0                                 0
338         3.1939798996803397        0.0                                 0
339         3.1939798996803397        2.23606797749979                                 5
340         3.1939798996803397        2.23606797749979                                 5
341         3.1939798996803397        2.23606797749979                                 5
342         3.1938295551636493        0.0                                 0
343         3.1938295551636493        2.23606797749979                                 5
344         3.1938295551636493        2.23606797749979                                 5
345         3.1938295551636493        2.23606797749979                                 5
346         3.1938295551636493        2.23606797749979                                 5
347         3.1938295551636493        2.23606797749979                                 5
348         3.1938295551636493        2.23606797749979                                 5
349         3.1938295551636493        2.23606797749979                                 5
350         3.1085750180520866        0.0                                 0
351         3.1085750180520866        2.23606797749979                                 5
352         3.1085750180520866        2.23606797749979                                 5
353         3.1085750180520866        2.23606797749979                                 5
354         3.1085750180520866        2.23606797749979                                 5
355         3.1062423414558444        0.0                                 0
356         3.0909870589726944        0.0                                 0
357         3.0909870589726944        2.23606797749979                                 5
358         3.0909870589726944        2.23606797749979                                 5
359         3.0909870589726944        2.23606797749979                                 5
360         3.0909870589726944        2.23606797749979                                 5
361         3.0909870589726944        2.23606797749979                                 5
362         3.0909870589726944        2.23606797749979                                 5
363         3.0909870589726944        2.23606797749979                                 5
364         2.9506006035239705        0.0                                 0
365         2.9506006035239705        2.23606797749979                                 5
366         2.9506006035239705        2.23606797749979                                 5
367         2.9506006035239705        2.23606797749979                                 5
368         2.9506006035239705        2.23606797749979                                 5
369         2.9506006035239705        2.23606797749979                                 5
370         2.9506006035239705        2.23606797749979                                 5
371         2.9506006035239705        2.23606797749979                                 5
372         2.9506006035239705        2.23606797749979                                 5
373         2.9506006035239705        2.23606797749979                                 5
374         2.9506006035239705        2.23606797749979                                 5
375         2.9506006035239705        2.23606797749979                                 5
376         2.9010398509221176        0.0                                 0
377         2.9010398509221176        2.23606797749979                                 5
378         2.9010398509221176        2.23606797749979                                 5
379         2.9010398509221176        2.23606797749979                                 5
380         2.9010398509221176        2.23606797749979                                 5
381         2.9010398509221176        2.23606797749979                                 5
382         2.9010398509221176        2.23606797749979                                 5
383         2.9010398509221176        2.23606797749979                                 5
384         2.9010398509221176        2.23606797749979                                 5
385         2.9010398509221176        2.23606797749979                                 5
386         2.9010398509221176        2.23606797749979                                 5
387         2.9010398509221176        2.23606797749979                                 5
388         2.9010398509221176        2.23606797749979                                 5
389         2.9010398509221176        2.23606797749979                                 5
390         2.9010398509221176        2.23606797749979                                 5
391         2.9010398509221176        2.23606797749979                                 5
392         2.9010398509221176        2.23606797749979                                 5
393         2.899409482155719        0.0                                 0
394         2.899409482155719        2.23606797749979                                 5
395         2.89643336801887        0.0                                 0
396         2.89643336801887        2.23606797749979                                 5
397         2.8597414328352695        0.0                                 0
398         2.8597414328352695        2.23606797749979                                 5
399         2.8597414328352695        2.23606797749979                                 5
400         2.8597414328352695        2.23606797749979                                 5
401         2.8594205126420276        0.0                                 0
402         2.8594205126420276        2.23606797749979                                 5
403         2.854817172569234        0.0                                 0
404         2.854817172569234        2.23606797749979                                 5
405         2.8373518304271936        0.0                                 0
406         2.8373518304271936        2.23606797749979                                 5
407         2.8373518304271936        2.23606797749979                                 5
408         2.8363708369098006        0.0                                 0
409         2.7213653968308296        0.0                                 0
410         2.7213653968308296        2.23606797749979                                 5
411         2.7213653968308296        2.23606797749979                                 5
412         2.7213653968308296        2.23606797749979                                 5
413         2.7213653968308296        2.23606797749979                                 5
414         2.7213653968308296        2.23606797749979                                 5
415         2.682093645344123        0.0                                 0
416         2.682093645344123        2.23606797749979                                 5
417         2.682093645344123        2.23606797749979                                 5
418         2.666485986125449        0.0                                 0
419         2.666485986125449        2.23606797749979                                 5
420         2.666485986125449        2.23606797749979                                 5
421         2.62792157569164        0.0                                 0
422         2.62792157569164        2.23606797749979                                 5
423         2.62792157569164        2.23606797749979                                 5
424         2.62792157569164        2.23606797749979                                 5
425         2.62792157569164        2.23606797749979                                 5
426         2.62792157569164        2.23606797749979                                 5
427         2.62792157569164        2.23606797749979                                 5
428         2.6109467367438675        0.0                                 0
429         2.6109467367438675        2.23606797749979                                 5
430         2.6096285191442594        0.0                                 0
431         2.6096285191442594        2.23606797749979                                 5
432         2.6096285191442594        2.23606797749979                                 5
433         2.6096285191442594        2.23606797749979                                 5
434         2.6096285191442594        2.23606797749979                                 5
435         2.6096285191442594        2.23606797749979                                 5
436         2.6096285191442594        2.23606797749979                                 5
437         2.6096285191442594        2.23606797749979                                 5
438         2.6096285191442594        2.23606797749979                                 5
439         2.6096285191442594        2.23606797749979                                 5
440         2.600945080562242        0.0                                 0
441         2.600945080562242        2.23606797749979                                 5
442         2.600945080562242        2.23606797749979                                 5
443         2.600945080562242        2.23606797749979                                 5
444         2.600945080562242        2.23606797749979                                 5
445         2.600945080562242        2.23606797749979                                 5
446         2.600945080562242        2.23606797749979                                 5
447         2.600945080562242        2.23606797749979                                 5
448         2.600945080562242        2.23606797749979                                 5
449         2.600945080562242        2.23606797749979                                 5
450         2.600945080562242        2.23606797749979                                 5
451         2.600945080562242        2.23606797749979                                 5
452         2.600945080562242        2.23606797749979                                 5
453         2.600945080562242        2.23606797749979                                 5
454         2.600945080562242        2.23606797749979                                 5
455         2.6007947260275914        0.0                                 0
456         2.6007947260275914        2.23606797749979                                 5
457         2.6007947260275914        2.23606797749979                                 5
458         2.6007947260275914        2.23606797749979                                 5
459         2.6007947260275914        2.23606797749979                                 5
460         2.6007947260275914        2.23606797749979                                 5
461         2.599724633255717        0.0                                 0
462         2.5956739210054147        0.0                                 0
463         2.5694341189281635        0.0                                 0
464         2.5694341189281635        2.23606797749979                                 5
465         2.40016095823603        0.0                                 0
466         2.40016095823603        2.23606797749979                                 5
467         2.40016095823603        2.23606797749979                                 5
468         2.40016095823603        2.23606797749979                                 5
469         2.40016095823603        2.23606797749979                                 5
470         2.40016095823603        2.23606797749979                                 5
471         2.399802073951791        0.0                                 0
472         2.399802073951791        2.23606797749979                                 5
473         2.399802073951791        2.23606797749979                                 5
474         2.399802073951791        2.23606797749979                                 5
475         2.399802073951791        2.23606797749979                                 5
476         2.399802073951791        2.23606797749979                                 5
477         2.282650492868018        0.0                                 0
478         2.243619121326931        0.0                                 0
479         2.235072990409074        0.0                                 0
480         2.235072990409074        2.23606797749979                                 5
481         2.235072990409074        2.23606797749979                                 5
482         2.235072990409074        2.23606797749979                                 5
483         2.235072990409074        2.23606797749979                                 5
484         2.235072990409074        2.23606797749979                                 5
485         2.2350655871379392        0.0                                 0
486         2.2350655871379392        2.23606797749979                                 5
487         2.2350655871379392        2.23606797749979                                 5
488         2.2350655871379392        2.23606797749979                                 5
489         2.2349713088603185        0.0                                 0
490         2.2306106150382194        0.0                                 0
491         2.2306106150382194        2.23606797749979                                 5
492         2.2274082126625596        0.0                                 0
493         2.2274082126625596        2.23606797749979                                 5
494         2.2274082126625596        2.23606797749979                                 5
495         2.2274082126625596        2.23606797749979                                 5
496         2.2274082126625596        2.23606797749979                                 5
497         2.2195953169085243        0.0                                 0
498         2.2195953169085243        2.23606797749979                                 5
499         2.2195953169085243        2.23606797749979                                 5
500         2.2195953169085243        2.23606797749979                                 5
501         2.2195953169085243        2.23606797749979                                 5
502         2.2195953169085243        2.23606797749979                                 5
503         2.2195953169085243        2.23606797749979                                 5
504         2.2195953169085243        2.23606797749979                                 5
505         2.1983369072385077        0.0                                 0
506         2.1983369072385077        2.23606797749979                                 5
507         2.1983369072385077        2.23606797749979                                 5
508         2.1983369072385077        2.23606797749979                                 5
509         2.1983369072385077        2.23606797749979                                 5
510         2.1980417035819775        0.0                                 0
511         2.1980417035819775        2.23606797749979                                 5
512         2.1980417035819775        2.23606797749979                                 5
513         2.1980417035819775        2.23606797749979                                 5
514         2.1980417035819775        2.23606797749979                                 5
515         2.1980417035819775        2.23606797749979                                 5
516         2.1980417035819775        2.23606797749979                                 5
517         2.1980417035819775        2.23606797749979                                 5
518         2.1980417035819775        2.23606797749979                                 5
519         2.1980417035819775        2.23606797749979                                 5
520         2.1980417035819775        2.23606797749979                                 5
521         2.1966059981062362        0.0                                 0
522         2.196464646939415        0.0                                 0
523         2.196464646939415        2.23606797749979                                 5
524         2.0395785688434436        0.0                                 0
525         2.0395785688434436        1.7320508075688772                                 3
526         2.0395785688434436        2.23606797749979                                 5
527         2.0395785688434436        1.7320508075688772                                 3
528         2.0395785688434436        2.23606797749979                                 5
529         2.0395785688434436        2.23606797749979                                 5
530         2.0395785688434436        2.23606797749979                                 5
531         2.0395785688434436        2.23606797749979                                 5
532         2.0368107409007443        0.0                                 0
533         2.0368107409007443        2.23606797749979                                 5
534         2.0256290311835743        0.0                                 0
535         2.0256290311835743        2.23606797749979                                 5
536         2.0256290311835743        2.23606797749979                                 5
537         2.0256290311835743        2.23606797749979                                 5
538         2.0256290311835743        2.23606797749979                                 5
539         2.0256290311835743        2.23606797749979                                 5
540         2.0256290311835743        2.23606797749979                                 5
541         2.0256290311835743        2.23606797749979                                 5
542         2.02542911546948        0.0                                 0
543         2.02542911546948        2.23606797749979                                 5
544         2.02542911546948        2.23606797749979                                 5
545         2.02542911546948        2.23606797749979                                 5
546         2.02542911546948        2.23606797749979                                 5
547         2.02542911546948        2.23606797749979                                 5
548         2.02542911546948        2.23606797749979                                 5
549         2.02542911546948        2.23606797749979                                 5
550         2.02542911546948        2.23606797749979                                 5
551         2.02542911546948        2.23606797749979                                 5
552         2.0250502690316274        0.0                                 0
553         2.0250502690316274        2.23606797749979                                 5
554         2.0250502690316274        2.23606797749979                                 5
555         2.0250502690316274        2.23606797749979                                 5
556         2.0250502690316274        2.23606797749979                                 5
557         2.0250502690316274        2.23606797749979                                 5
558         2.0250502690316274        2.23606797749979                                 5
559         2.0250502690316274        2.23606797749979                                 5
560         2.0250502690316274        2.23606797749979                                 5
561         2.0250502690316274        2.23606797749979                                 5
562         2.0250502690316274        2.23606797749979                                 5
563         2.0250502690316274        2.23606797749979                                 5
564         2.0250502690316274        2.23606797749979                                 5
565         2.0250502690316274        2.23606797749979                                 5
566         2.0250502690316274        2.23606797749979                                 5
567         2.0250502690316274        2.23606797749979                                 5
568         2.0250502690316274        2.23606797749979                                 5
569         2.0250502690316274        2.23606797749979                                 5
570         2.0250502690316274        2.23606797749979                                 5
571         2.0250502690316274        2.23606797749979                                 5
572         2.0250502690316274        2.23606797749979                                 5
573         2.0250502690316274        2.23606797749979                                 5
574         2.0250502690316274        2.23606797749979                                 5
575         2.0250502690316274        2.23606797749979                                 5
576         2.0250502690316274        2.23606797749979                                 5
577         1.916087852902364        0.0                                 0
578         1.916087852902364        2.23606797749979                                 5
579         1.9160249861776673        0.0                                 0
580         1.9160249861776673        2.23606797749979                                 5
581         1.9160249861776673        2.23606797749979                                 5
582         1.9160249861776673        2.23606797749979                                 5
583         1.9160249861776673        2.23606797749979                                 5
584         1.9160249861776673        2.23606797749979                                 5
585         1.9160249861776673        2.23606797749979                                 5
586         1.9160249861776673        2.23606797749979                                 5
587         1.9093532162297326        0.0                                 0
588         1.9093532162297326        2.23606797749979                                 5
589         1.9093532162297326        2.23606797749979                                 5
590         1.9067424047019585        0.0                                 0
591         1.9067424047019585        2.23606797749979                                 5
592         1.9067424047019585        2.23606797749979                                 5
593         1.9067424047019585        2.23606797749979                                 5
594         1.9067424047019585        2.23606797749979                                 5
595         1.9067424047019585        2.23606797749979                                 5
596         1.9067424047019585        2.23606797749979                                 5
597         1.9067424047019585        2.23606797749979                                 5
598         1.9067424047019585        2.23606797749979                                 5
599         1.9067424047019585        2.23606797749979                                 5
600         1.9067424047019585        2.23606797749979                                 5
601         1.9067424047019585        2.23606797749979                                 5
602         1.9067424047019585        2.23606797749979                                 5
603         1.9067424047019585        2.23606797749979                                 5
604         1.9067424047019585        2.23606797749979                                 5
605         1.9067424047019585        2.23606797749979                                 5
606         1.9067424047019585        2.23606797749979                                 5
607         1.9057462544618664        0.0                                 0
608         1.9057462544618664        2.23606797749979                                 5
609         1.9057462544618664        2.23606797749979                                 5
610         1.9039030163918178        0.0                                 0
611         1.9039030163918178        2.23606797749979                                 5
612         1.9039030163918178        2.23606797749979                                 5
613         1.9039030163918178        2.23606797749979                                 5
614         1.9028180751219304        0.0                                 0
615         1.9028180751219304        2.23606797749979                                 5
616         1.9028180751219304        2.23606797749979                                 5
617         1.9028180751219304        2.23606797749979                                 5
618         1.9028180751219304        2.23606797749979                                 5
619         1.9028180751219304        2.23606797749979                                 5
620         1.9028180751219304        2.23606797749979                                 5
621         1.9028180751219304        2.23606797749979                                 5
622         1.9028180751219304        2.23606797749979                                 5
623         1.871588791104195        0.0                                 0
624         1.871588791104195        2.23606797749979                                 5
625         1.871588791104195        2.23606797749979                                 5
626         1.871588791104195        2.23606797749979                                 5
627         1.871588791104195        2.23606797749979                                 5
628         1.6789258950432822        0.0                                 0
629         1.6789258950432822        2.23606797749979                                 5
630         1.6789258950432822        2.23606797749979                                 5
631         1.6789258950432822        2.23606797749979                                 5
632         1.6789258950432822        2.23606797749979                                 5
633         1.678853533597945        0.0                                 0
634         1.6321762582481725        0.0                                 0
635         1.6321762582481725        2.23606797749979                                 5
636         1.6320684626868238        0.0                                 0
637         1.6320684626868238        2.23606797749979                                 5
638         1.6320684626868238        2.23606797749979                                 5
639         1.6320684626868238        2.23606797749979                                 5
640         1.6320684626868238        2.23606797749979                                 5
641         1.6320684626868238        1.7320508075688772                                 3
642         1.6320684626868238        2.23606797749979                                 5
643         1.6320684626868238        2.23606797749979                                 5
644         1.6320684626868238        2.23606797749979                                 5
645         1.6320684626868238        2.23606797749979                                 5
646         1.6320684626868238        2.23606797749979                                 5
647         1.6320684626868238        2.23606797749979                                 5
648         1.6320684626868238        2.23606797749979                                 5
649         1.6320684626868238        2.23606797749979                                 5
650         1.6320684626868238        2.23606797749979                                 5
651         1.631288788767121        0.0                                 0
652         1.631288788767121        2.23606797749979                                 5
653         1.631288788767121        2.23606797749979                                 5
654         1.631288788767121        2.23606797749979                                 5
655         1.631288788767121        2.23606797749979                                 5
656         1.631288788767121        2.23606797749979                                 5
657         1.631288788767121        2.23606797749979                                 5
658         1.631288788767121        2.23606797749979                                 5
659         1.631288788767121        2.23606797749979                                 5
660         1.631288788767121        2.23606797749979                                 5
661         1.631288788767121        2.23606797749979                                 5
662         1.631288788767121        2.23606797749979                                 5
663         1.631288788767121        2.23606797749979                                 5
664         1.631288788767121        2.23606797749979                                 5
665         1.631288788767121        2.23606797749979                                 5
666         1.631288788767121        2.23606797749979                                 5
667         1.631288788767121        2.23606797749979                                 5
668         1.631288788767121        2.23606797749979                                 5
669         1.631288788767121        2.23606797749979                                 5
670         1.631288788767121        2.23606797749979                                 5
671         1.631288788767121        2.23606797749979                                 5
672         1.631288788767121        2.23606797749979                                 5
673         1.631288788767121        2.23606797749979                                 5
674         1.631288788767121        2.23606797749979                                 5
675         1.631288788767121        2.23606797749979                                 5
676         1.631288788767121        1.7320508075688772                                 3
677         1.631288788767121        2.23606797749979                                 5
678         1.631288788767121        2.23606797749979                                 5
679         1.631288788767121        2.23606797749979                                 5
680         1.6215782776156042        0.0                                 0
681         1.6215782776156042        2.23606797749979                                 5
682         1.6215782776156042        2.23606797749979                                 5
683         1.6215782776156042        2.23606797749979                                 5
684         1.6215782776156042        2.23606797749979                                 5
685         1.6215782776156042        2.23606797749979                                 5
686         1.6215782776156042        2.23606797749979                                 5
687         1.6215782776156042        2.23606797749979                                 5
688         1.6215782776156042        2.23606797749979                                 5
689         1.6215782776156042        2.23606797749979                                 5
690         1.6215782776156042        2.23606797749979                                 5
691         1.6215782776156042        2.23606797749979                                 5
692         1.6215782776156042        2.23606797749979                                 5
693         1.6215782776156042        2.23606797749979                                 5
694         1.6215782776156042        2.23606797749979                                 5
695         1.6215782776156042        2.23606797749979                                 5
696         1.6215782776156042        2.23606797749979                                 5
697         1.6215782776156042        2.23606797749979                                 5
698         1.6215782776156042        2.23606797749979                                 5
699         1.6215782776156042        2.23606797749979                                 5
700         1.6215782776156042        2.23606797749979                                 5
701         1.6215782776156042        2.23606797749979                                 5
702         1.6215782776156042        2.23606797749979                                 5
703         1.620579189390321        0.0                                 0
704         1.620579189390321        2.23606797749979                                 5
705         1.620579189390321        2.23606797749979                                 5
706         1.620579189390321        2.23606797749979                                 5
707         1.620579189390321        2.23606797749979                                 5
708         1.620579189390321        2.23606797749979                                 5
709         1.620579189390321        2.23606797749979                                 5
710         1.620579189390321        2.23606797749979                                 5
711         1.620579189390321        2.23606797749979                                 5
712         1.620579189390321        2.23606797749979                                 5
713         1.620579189390321        2.23606797749979                                 5
714         1.620579189390321        2.23606797749979                                 5
715         1.620579189390321        2.23606797749979                                 5
716         1.620579189390321        1.7320508075688772                                 3
717         1.620579189390321        2.23606797749979                                 5
718         1.620579189390321        2.23606797749979                                 5
719         1.620579189390321        2.23606797749979                                 5
720         1.620579189390321        2.23606797749979                                 5
721         1.5858150110690445        0.0                                 0
722         1.5858150110690445        2.23606797749979                                 5
723         1.5858150110690445        2.23606797749979                                 5
724         1.5858150110690445        2.23606797749979                                 5
725         1.5844374564004187        0.0                                 0
726         1.5844374564004187        2.23606797749979                                 5
727         1.5832620398096582        0.0                                 0
728         1.5832620398096582        2.23606797749979                                 5
729         1.5832620398096582        2.23606797749979                                 5
730         1.5832620398096582        2.23606797749979                                 5
731         1.5832620398096582        2.23606797749979                                 5
732         1.5832620398096582        2.23606797749979                                 5
733         1.5832620398096582        2.23606797749979                                 5
734         1.5832620398096582        2.23606797749979                                 5
735         1.5832620398096582        2.23606797749979                                 5
736         1.5829820966633585        0.0                                 0
737         1.5829820966633585        2.23606797749979                                 5
738         1.5829820966633585        2.23606797749979                                 5
739         1.5829820966633585        2.23606797749979                                 5
740         1.5829820966633585        2.23606797749979                                 5
741         1.5829820966633585        2.23606797749979                                 5
742         1.5829820966633585        2.23606797749979                                 5
743         1.5829820966633585        2.23606797749979                                 5
744         1.5829820966633585        2.23606797749979                                 5
745         1.5829820966633585        2.23606797749979                                 5
746         1.5829820966633585        2.23606797749979                                 5
747         1.5829820966633585        2.23606797749979                                 5
748         1.5795111596236513        0.0                                 0
749         1.5795111596236513        2.23606797749979                                 5
750         1.5795111596236513        2.23606797749979                                 5
751         1.5795111596236513        2.23606797749979                                 5
752         1.5795111596236513        2.23606797749979                                 5
753         1.5795111596236513        2.23606797749979                                 5
754         1.5795111596236513        2.23606797749979                                 5
755         1.578981004149811        0.0                                 0
756         1.578981004149811        2.23606797749979                                 5
757         1.578981004149811        2.23606797749979                                 5
758         1.578981004149811        2.23606797749979                                 5
759         1.5768803004491758        0.0                                 0
760         1.5768803004491758        2.23606797749979                                 5
761         1.5768803004491758        2.23606797749979                                 5
762         1.5768803004491758        2.23606797749979                                 5
763         1.5768803004491758        2.23606797749979                                 5
764         1.5768803004491758        2.23606797749979                                 5
765         1.5768803004491758        2.23606797749979                                 5
766         1.5768162191533377        0.0                                 0
767         1.5768162191533377        2.23606797749979                                 5
768         1.5768162191533377        2.23606797749979                                 5
769         1.5768162191533377        2.23606797749979                                 5
770         1.5768162191533377        2.23606797749979                                 5
771         1.5768162191533377        2.23606797749979                                 5
772         1.5768162191533377        2.23606797749979                                 5
773         1.5768162191533377        2.23606797749979                                 5
774         1.5768162191533377        2.23606797749979                                 5
775         1.5758876871247063        0.0                                 0
776         1.5758876871247063        2.23606797749979                                 5
777         1.5758876871247063        2.23606797749979                                 5
778         1.5758876871247063        2.23606797749979                                 5
779         1.5758876871247063        2.23606797749979                                 5
780         1.5758876871247063        2.23606797749979                                 5
781         1.5758876871247063        2.23606797749979                                 5
782         1.5758876871247063        2.23606797749979                                 5
783         1.5758876871247063        2.23606797749979                                 5
784         1.558883833462704        0.0                                 0
785         1.5526102942376223        0.0                                 0
786         1.5526102942376223        2.23606797749979                                 5
787         1.5526102942376223        2.23606797749979                                 5
788         1.5526102942376223        2.23606797749979                                 5
789         1.5526102942376223        2.23606797749979                                 5
790         1.5526102942376223        2.23606797749979                                 5
791         1.5514971102125634        0.0                                 0
792         1.5514971102125634        2.23606797749979                                 5
793         1.5514971102125634        2.23606797749979                                 5
794         1.5514971102125634        2.23606797749979                                 5
795         1.5514971102125634        2.23606797749979                                 5
796         1.5514971102125634        2.23606797749979                                 5
797         1.5514971102125634        2.23606797749979                                 5
798         1.5514971102125634        2.23606797749979                                 5
799         1.5514971102125634        2.23606797749979                                 5
800         1.5514971102125634        2.23606797749979                                 5
801         1.5514971102125634        2.23606797749979                                 5
802         1.5514971102125634        2.23606797749979                                 5
803         1.5514971102125634        2.23606797749979                                 5
804         1.5514971102125634        2.23606797749979                                 5
805         1.5514971102125634        2.23606797749979                                 5
806         1.5514971102125634        2.23606797749979                                 5
807         1.5514971102125634        2.23606797749979                                 5
808         1.5514971102125634        2.23606797749979                                 5
809         1.5514971102125634        2.23606797749979                                 5
810         1.5514971102125634        2.23606797749979                                 5
811         1.5514971102125634        2.23606797749979                                 5
812         1.5514971102125634        2.23606797749979                                 5
813         1.5514971102125634        2.23606797749979                                 5
814         1.5514971102125634        2.23606797749979                                 5
815         1.5514971102125634        2.23606797749979                                 5
816         1.5514971102125634        2.23606797749979                                 5
817         1.5514971102125634        2.23606797749979                                 5
818         1.5514971102125634        2.23606797749979                                 5
819         1.5514971102125634        2.23606797749979                                 5
820         1.5514971102125634        2.23606797749979                                 5
821         1.5514971102125634        2.23606797749979                                 5
822         1.5514971102125634        2.23606797749979                                 5
823         1.5514971102125634        2.23606797749979                                 5
824         1.5514971102125634        2.23606797749979                                 5
825         1.5514971102125634        2.23606797749979                                 5
826         1.5514971102125634        2.23606797749979                                 5
827         1.5514971102125634        2.23606797749979                                 5
828         1.5514971102125634        2.23606797749979                                 5
829         1.5514971102125634        2.23606797749979                                 5
830         1.5050291817285286        0.0                                 0
831         1.5050291817285286        2.23606797749979                                 5
832         1.5050291817285286        2.23606797749979                                 5
833         1.5050291817285286        2.23606797749979                                 5
834         1.5050291817285286        2.23606797749979                                 5
835         1.5050291817285286        2.23606797749979                                 5
836         1.5050291817285286        2.23606797749979                                 5
837         1.5050291817285286        2.23606797749979                                 5
838         1.5043012754075193        0.0                                 0
839         1.5043012754075193        2.23606797749979                                 5
840         1.5043012754075193        2.23606797749979                                 5
841         1.5043012754075193        2.23606797749979                                 5
842         1.5043012754075193        2.23606797749979                                 5
843         1.5043012754075193        2.23606797749979                                 5
844         1.5043012754075193        2.23606797749979                                 5
845         1.5043012754075193        2.23606797749979                                 5
846         1.5043012754075193        2.23606797749979                                 5
847         1.5043012754075193        2.23606797749979                                 5
848         1.5043012754075193        2.23606797749979                                 5
849         1.5043012754075193        2.23606797749979                                 5
850         1.5043012754075193        1.7320508075688772                                 3
851         1.5043012754075193        2.23606797749979                                 5
852         1.5043012754075193        2.23606797749979                                 5
853         1.5043012754075193        2.23606797749979                                 5
854         1.5043012754075193        2.23606797749979                                 5
855         1.5043012754075193        2.23606797749979                                 5
856         1.5043012754075193        2.23606797749979                                 5
857         1.5043012754075193        2.23606797749979                                 5
858         1.5043012754075193        2.23606797749979                                 5
859         1.5043012754075193        2.23606797749979                                 5
860         1.5043012754075193        2.23606797749979                                 5
861         1.5043012754075193        2.23606797749979                                 5
862         1.5043012754075193        2.23606797749979                                 5
863         1.5037927296411744        0.0                                 0
864         1.5037927296411744        2.23606797749979                                 5
865         1.5037927296411744        2.23606797749979                                 5
866         1.5037927296411744        2.23606797749979                                 5
867         1.5035968559897355        0.0                                 0
868         1.5035968559897355        2.23606797749979                                 5
869         1.5035968559897355        2.23606797749979                                 5
870         1.5035968559897355        2.23606797749979                                 5
871         1.47124636327313        0.0                                 0
872         1.47124636327313        1.7320508075688772                                 3
873         1.47124636327313        2.23606797749979                                 5
874         1.47124636327313        2.23606797749979                                 5
875         1.47124636327313        2.23606797749979                                 5
876         1.47124636327313        2.23606797749979                                 5
877         1.47124636327313        2.23606797749979                                 5
878         1.47124636327313        2.23606797749979                                 5
879         1.47124636327313        2.23606797749979                                 5
880         1.47124636327313        2.23606797749979                                 5
881         1.47124636327313        2.23606797749979                                 5
882         1.47124636327313        2.23606797749979                                 5
883         1.47124636327313        2.23606797749979                                 5
884         1.4697248281268243        0.0                                 0
885         1.4697248281268243        2.23606797749979                                 5
886         1.4697248281268243        2.23606797749979                                 5
887         1.4697248281268243        2.23606797749979                                 5
888         1.4697248281268243        2.23606797749979                                 5
889         1.4697248281268243        2.23606797749979                                 5
890         1.4697248281268243        2.23606797749979                                 5
891         1.4697248281268243        2.23606797749979                                 5
892         1.4697248281268243        2.23606797749979                                 5
893         1.4697248281268243        2.23606797749979                                 5
894         1.4697248281268243        2.23606797749979                                 5
895         1.4697248281268243        2.23606797749979                                 5
896         1.4697248281268243        1.7320508075688772                                 3
897         1.4697248281268243        2.23606797749979                                 5
898         1.4697248281268243        2.23606797749979                                 5
899         1.4697248281268243        2.23606797749979                                 5
900         1.4697248281268243        2.23606797749979                                 5
901         1.4697248281268243        2.23606797749979                                 5
902         1.469703572626142        0.0                                 0
903         1.469703572626142        2.23606797749979                                 5
904         1.469703572626142        2.23606797749979                                 5
905         1.469703572626142        2.23606797749979                                 5
906         1.469703572626142        2.23606797749979                                 5
907         1.4697022525479735        0.0                                 0
908         1.4697022525479735        2.23606797749979                                 5
909         1.4697022525479735        2.23606797749979                                 5
910         1.4697022525479735        2.23606797749979                                 5
911         1.4697022525479735        2.23606797749979                                 5
912         1.4697022525479735        2.23606797749979                                 5
913         1.4697022525479735        2.23606797749979                                 5
914         1.4697022525479735        2.23606797749979                                 5
915         1.4697022525479735        2.23606797749979                                 5
916         1.4697022525479735        2.23606797749979                                 5
917         1.4697022525479735        2.23606797749979                                 5
918         1.4697022525479735        2.23606797749979                                 5
919         1.4686916393898946        0.0                                 0
920         1.4686916393898946        2.23606797749979                                 5
921         1.4686916393898946        2.23606797749979                                 5
922         1.4686916393898946        2.23606797749979                                 5
923         1.4686916393898946        2.23606797749979                                 5
924         1.4686916393898946        2.23606797749979                                 5
925         1.4686916393898946        2.23606797749979                                 5
926         1.4686916393898946        2.23606797749979                                 5
927         1.4686916393898946        2.23606797749979                                 5
928         1.4686916393898946        2.23606797749979                                 5
929         1.4686916393898946        2.23606797749979                                 5
930         1.4686916393898946        2.23606797749979                                 5
931         1.4686916393898946        2.23606797749979                                 5
932         1.4686916393898946        2.23606797749979                                 5
933         1.4686916393898946        2.23606797749979                                 5
934         1.4686916393898946        2.23606797749979                                 5
935         1.4686916393898946        2.23606797749979                                 5
936         1.4686916393898946        2.23606797749979                                 5
937         1.4686916393898946        2.23606797749979                                 5
938         1.4686916393898946        2.23606797749979                                 5
939         1.4686916393898946        2.23606797749979                                 5
940         1.468442126437874        0.0                                 0
941         1.468442126437874        2.23606797749979                                 5
942         1.468442126437874        2.23606797749979                                 5
943         1.468442126437874        2.23606797749979                                 5
944         1.468442126437874        2.23606797749979                                 5
945         1.468442126437874        2.23606797749979                                 5
946         1.4638444743696661        0.0                                 0
947         1.4638444743696661        2.23606797749979                                 5
948         1.4638444743696661        2.23606797749979                                 5
949         1.4638444743696661        2.23606797749979                                 5
950         1.4636987609330894        0.0                                 0
951         1.4636987609330894        2.23606797749979                                 5
952         1.4636987609330894        2.23606797749979                                 5
953         1.4636987609330894        2.23606797749979                                 5
954         1.4636987609330894        2.23606797749979                                 5
955         1.4636987609330894        2.23606797749979                                 5
956         1.4636987609330894        2.23606797749979                                 5
957         1.4636987609330894        2.23606797749979                                 5
958         1.4636987609330894        2.23606797749979                                 5
959         1.4636987609330894        2.23606797749979                                 5
960         1.4636987609330894        2.23606797749979                                 5
961         1.4636987609330894        2.23606797749979                                 5
962         1.4636987609330894        2.23606797749979                                 5
963         1.4636987609330894        2.23606797749979                                 5
964         1.4611314190468132        0.0                                 0
965         1.4611314190468132        2.23606797749979                                 5
966         1.4611314190468132        2.23606797749979                                 5
967         1.4611314190468132        2.23606797749979                                 5
968         1.4611314190468132        2.23606797749979                                 5
969         1.4611314190468132        2.23606797749979                                 5
970         1.4611314190468132        2.23606797749979                                 5
971         1.4611314190468132        2.23606797749979                                 5
972         1.4611314190468132        2.23606797749979                                 5
973         1.4611314190468132        2.23606797749979                                 5
974         1.4611314190468132        2.23606797749979                                 5
975         1.4611314190468132        2.23606797749979                                 5
976         1.4611314190468132        2.23606797749979                                 5
977         1.4608815279035436        0.0                                 0
978         1.4608815279035436        2.23606797749979                                 5
979         1.4608815279035436        2.23606797749979                                 5
980         1.4608815279035436        2.23606797749979                                 5
981         1.4608815279035436        2.23606797749979                                 5
982         1.4608815279035436        2.23606797749979                                 5
983         1.4608815279035436        2.23606797749979                                 5
984         1.4608815279035436        2.23606797749979                                 5
985         1.4608815279035436        2.23606797749979                                 5
986         1.4608815279035436        2.23606797749979                                 5
987         1.4608815279035436        2.23606797749979                                 5
988         1.4608815279035436        2.23606797749979                                 5
989         1.4608815279035436        2.23606797749979                                 5
990         1.4608815279035436        2.23606797749979                                 5
991         1.4608815279035436        2.23606797749979                                 5
992         1.4608815279035436        2.23606797749979                                 5
993         1.4608815279035436        2.23606797749979                                 5
994         1.4608815279035436        2.23606797749979                                 5
995         1.4608815279035436        2.23606797749979                                 5
996         1.4608815279035436        2.23606797749979                                 5
997         1.4607853084100957        0.0                                 0
998         1.4607853084100957        2.23606797749979                                 5
999         1.4607853084100957        2.23606797749979                                 5
// Funcion: ackley Enfriamiento: exponencial Semilla: 1583838745