iteracion  mejor_solucion    distancia_euclidiana                 distancia_hamming
0         34.65181253559156        0.0                                 0
1         35.17836616475123        0.0                                 0
2         35.17836616475123        0.0                                 0
3         35.23305673380982        0.0                                 0
4         35.233273746137385        0.0                                 0
5         35.35183501594763        0.0                                 0
6         36.76986011980864        0.0                                 0
7         36.74363397323447        0.0                                 0
8         36.477055441108554        0.0                                 0
9         36.47146228984297        0.0                                 0
10         36.47146228984297        0.0                                 0
11         36.47432587651937        0.0                                 0
12         35.13562592774166        0.0                                 0
13         35.12356637051509        0.0                                 0
14         34.77822556640368        0.0                                 0
15         33.187244635606746        0.0                                 0
16         30.799164557502735        0.0                                 0
17         30.799164557502735        0.0                                 0
18         31.525201595517668        0.0                                 0
19         31.126768867616835        0.0                                 0
20         31.05158369992503        0.0                                 0
21         31.05158369992503        0.0                                 0
22         33.43800086757712        0.0                                 0
23         34.71932523721255        0.0                                 0
24         34.76760520869064        0.0                                 0
25         31.03875384402726        0.0                                 0
26         31.004505464469712        0.0                                 0
27         31.004505464469712        0.0                                 0
28         30.663461812779044        0.0                                 0
29         30.663461812779044        0.0                                 0
30         31.27669665678994        0.0                                 0
31         31.27669665678994        0.0                                 0
32         31.27937796086104        0.0                                 0
33         32.9537806653645        0.0                                 0
34         32.10630466969247        0.0                                 0
35         30.390450389475568        0.0                                 0
36         29.767237625735213        0.0                                 0
37         29.767237625735213        0.0                                 0
38         29.851764722515924        0.0                                 0
39         30.79112107831394        0.0                                 0
40         31.104720074484277        0.0                                 0
41         30.285483156018927        0.0                                 0
42         30.075240442266505        0.0                                 0
43         30.075240442266505        0.0                                 0
44         30.110875709890177        0.0                                 0
45         30.110875709890177        0.0                                 0
46         30.159548146552464        0.0                                 0
47         30.33719840172164        0.0                                 0
48         30.35823652724636        0.0                                 0
49         30.829932113400695        0.0                                 0
50         30.829932113400695        0.0                                 0
51         31.14206958595304        0.0                                 0
52         30.99238358228296        0.0                                 0
53         30.99238358228296        0.0                                 0
54         31.297387222910263        0.0                                 0
55         34.147171653270064        0.0                                 0
56         34.57211968679765        0.0                                 0
57         34.9806790161329        0.0                                 0
58         34.97357248302722        0.0                                 0
59         34.848806173924196        0.0                                 0
60         32.107674118644574        0.0                                 0
61         32.107674118644574        0.0                                 0
62         32.75978703395247        0.0                                 0
63         32.812524732421174        0.0                                 0
64         32.55148042963996        0.0                                 0
65         32.009948087858824        0.0                                 0
66         32.009948087858824        0.0                                 0
67         32.02093253786068        0.0                                 0
68         32.062619317430794        0.0                                 0
69         35.41071257329482        0.0                                 0
70         36.02009342202517        0.0                                 0
71         36.025135553625674        0.0                                 0
72         36.623019939887705        0.0                                 0
73         36.56752283385697        0.0                                 0
74         36.02948576981343        0.0                                 0
75         34.19497078725154        0.0                                 0
76         32.744103662133355        0.0                                 0
77         32.37080381952157        0.0                                 0
78         32.37080381952157        0.0                                 0
79         35.082634755837        0.0                                 0
80         35.159461966595515        0.0                                 0
81         35.159461966595515        0.0                                 0
82         35.43687129384321        0.0                                 0
83         35.55887635273024        0.0                                 0
84         33.58383223406634        0.0                                 0
85         33.57098758219589        0.0                                 0
86         31.699159896717365        0.0                                 0
87         31.699159896717365        0.0                                 0
88         31.35361243178958        0.0                                 0
89         31.246822726252717        0.0                                 0
90         31.246822726252717        0.0                                 0
91         32.60210877372662        0.0                                 0
92         35.48851228618257        0.0                                 0
93         35.48851228618257        0.0                                 0
94         37.819567169646575        0.0                                 0
95         37.819567169646575        0.0                                 0
96         38.368028346287886        0.0                                 0
97         38.368028346287886        0.0                                 0
98         39.78654111840646        0.0                                 0
99         39.82566632322115        0.0                                 0
100         40.299356047502904        0.0                                 0
101         39.973333476105886        0.0                                 0
102         39.95953037967161        0.0                                 0
103         39.95953037967161        0.0                                 0
104         43.10352922145073        0.0                                 0
105         43.1008214561464        0.0                                 0
106         40.52326618204565        0.0                                 0
107         40.52326618204565        0.0                                 0
108         37.575985190474306        0.0                                 0
109         37.51681565124672        0.0                                 0
110         37.13917352927564        0.0                                 0
111         37.13917352927564        0.0                                 0
112         37.15703990397702        0.0                                 0
113         37.15703990397702        0.0                                 0
114         37.29457485741135        0.0                                 0
115         37.13765029726512        0.0                                 0
116         37.125114781639795        0.0                                 0
117         34.549385046858866        0.0                                 0
118         31.937695877491432        0.0                                 0
119         30.522930670999692        0.0                                 0
120         30.123627178183696        0.0                                 0
121         29.952402581848325        0.0                                 0
122         29.952402581848325        0.0                                 0
123         29.948326926774193        0.0                                 0
124         29.948326926774193        0.0                                 0
125         29.99247242146066        0.0                                 0
126         32.18736784989228        0.0                                 0
127         34.88224153904477        0.0                                 0
128         34.85928786399326        0.0                                 0
129         34.85928786399326        0.0                                 0
130         37.37286205863349        0.0                                 0
131         37.37286205863349        0.0                                 0
132         37.75295201854224        0.0                                 0
133         36.4439453056804        0.0                                 0
134         36.43875834841557        0.0                                 0
135         35.823103303286594        0.0                                 0
136         35.680412571412866        0.0                                 0
137         35.680412571412866        0.0                                 0
138         35.68049542204412        0.0                                 0
139         36.152134536163246        0.0                                 0
140         38.70189497877112        0.0                                 0
141         41.30861576017988        0.0                                 0
142         41.69516982116542        0.0                                 0
143         41.69516982116542        0.0                                 0
144         41.72223204544911        0.0                                 0
145         41.72326278312553        0.0                                 0
146         36.56632584880804        0.0                                 0
147         36.56632584880804        0.0                                 0
148         34.447686889683354        0.0                                 0
149         32.25498854783512        0.0                                 0
150         32.25498854783512        0.0                                 0
151         33.95788505890826        0.0                                 0
152         34.015526929151264        0.0                                 0
153         34.98444233671955        0.0                                 0
154         34.94302458903011        0.0                                 0
155         34.94302458903011        0.0                                 0
156         34.951784734769156        0.0                                 0
157         35.023641676740326        0.0                                 0
158         39.286901657713216        0.0                                 0
159         38.46227414398289        0.0                                 0
160         38.46227414398289        0.0                                 0
161         38.467654201547546        0.0                                 0
162         36.03950163231864        0.0                                 0
163         36.03950163231864        0.0                                 0
164         36.15721461664905        0.0                                 0
165         36.070695136889846        0.0                                 0
166         36.070695136889846        0.0                                 0
167         37.646765636450574        0.0                                 0
168         39.50925667110181        0.0                                 0
169         39.550361504048354        0.0                                 0
170         39.88563767348406        0.0                                 0
171         39.88563767348406        0.0                                 0
172         41.31676640938394        0.0                                 0
173         39.6380497650915        0.0                                 0
174         39.56654718837846        0.0                                 0
175         39.56654718837846        0.0                                 0
176         37.65852750198743        0.0                                 0
177         37.65852750198743        0.0                                 0
178         36.46430285125269        0.0                                 0
179         36.46430285125269        0.0                                 0
180         34.7422367730782        0.0                                 0
181         34.73723262096501        0.0                                 0
182         33.37278588907778        0.0                                 0
183         33.37278588907778        0.0                                 0
184         34.983913624039516        0.0                                 0
185         37.34461416862859        0.0                                 0
186         35.97434091177434        0.0                                 0
187         35.92417441447839        0.0                                 0
188         35.92417441447839        0.0                                 0
189         36.151101616713284        0.0                                 0
190         34.003843709261304        0.0                                 0
191         34.003843709261304        0.0                                 0
192         34.24769165709688        0.0                                 0
193         34.883061499325656        0.0                                 0
194         36.365184458056376        0.0                                 0
195         35.99577200543496        0.0                                 0
196         35.824115396965745        0.0                                 0
197         35.824115396965745        0.0                                 0
198         35.84497238172492        0.0                                 0
199         37.56307818788563        0.0                                 0
200         37.532511083606835        0.0                                 0
201         37.532511083606835        0.0                                 0
202         37.59536244558287        0.0                                 0
203         37.59908222203968        0.0                                 0
204         37.642384874886886        0.0                                 0
205         37.65467807125855        0.0                                 0
206         37.65467807125855        0.0                                 0
207         35.25154831016044        0.0                                 0
208         35.037498886844816        0.0                                 0
209         35.037498886844816        0.0                                 0
210         35.25435417281109        0.0                                 0
211         35.25435417281109        0.0                                 0
212         35.5606617292558        0.0                                 0
213         35.54971374702368        0.0                                 0
214         35.51810706880574        0.0                                 0
215         35.374153155229166        0.0                                 0
216         35.370280973907406        0.0                                 0
217         32.68595079326176        0.0                                 0
218         32.68595079326176        0.0                                 0
219         32.79833968648892        0.0                                 0
220         34.10490744101237        0.0                                 0
221         34.10598488199228        0.0                                 0
222         35.037748152605865        0.0                                 0
223         35.037748152605865        0.0                                 0
224         34.46431729052763        0.0                                 0
225         34.46431729052763        0.0                                 0
226         36.64887139127308        0.0                                 0
227         37.66299318823418        0.0                                 0
228         36.600091527342094        0.0                                 0
229         36.600091527342094        0.0                                 0
230         38.0552051567836        0.0                                 0
231         38.04289007529416        0.0                                 0
232         38.04289007529416        0.0                                 0
233         40.053264216726156        0.0                                 0
234         40.053264216726156        0.0                                 0
235         43.02575610459137        0.0                                 0
236         43.172956259608725        0.0                                 0
237         42.187347098464166        0.0                                 0
238         40.12352450509403        0.0                                 0
239         39.24007420528854        0.0                                 0
240         39.24007420528854        0.0                                 0
241         35.81752264008658        0.0                                 0
242         35.81752264008658        0.0                                 0
243         35.83324899202076        0.0                                 0
244         37.618569976454616        0.0                                 0
245         37.618569976454616        0.0                                 0
246         37.2985473325834        0.0                                 0
247         37.2985473325834        0.0                                 0
248         37.24527632301179        0.0                                 0
249         37.24527632301179        0.0                                 0
250         40.25745334527067        0.0                                 0
251         38.689089037693016        0.0                                 0
252         38.5803162919021        0.0                                 0
253         35.738065108374215        0.0                                 0
254         35.738065108374215        0.0                                 0
255         35.14528310054424        0.0                                 0
256         33.532471768665545        0.0                                 0
257         33.532471768665545        0.0                                 0
258         34.67572586506825        0.0                                 0
259         34.67572586506825        0.0                                 0
260         35.38491291878086        0.0                                 0
261         32.06346399464397        0.0                                 0
262         32.06346399464397        0.0                                 0
263         32.15337047687175        0.0                                 0
264         30.564903227415762        0.0                                 0
265         30.564903227415762        0.0                                 0
266         30.97977354843586        0.0                                 0
267         32.41385768696236        0.0                                 0
268         30.96717206433324        0.0                                 0
269         30.965290395912447        0.0                                 0
270         30.963696217501298        0.0                                 0
271         30.963696217501298        0.0                                 0
272         30.969033762977997        0.0                                 0
273         28.87218885698994        0.0                                 0
274         28.49047979853607        0.0                                 0
275         28.49047979853607        0.0                                 0
276         28.59449870246999        0.0                                 0
277         28.59449870246999        0.0                                 0
278         28.804369307918137        0.0                                 0
279         30.0790300676232        0.0                                 0
280         30.0790300676232        0.0                                 0
281         32.92601430394814        0.0                                 0
282         32.68930832673849        0.0                                 0
283         32.68930832673849        0.0                                 0
284         34.18228554176107        0.0                                 0
285         34.18228554176107        0.0                                 0
286         34.740137921718095        0.0                                 0
287         34.87635222398106        0.0                                 0
288         34.87635222398106        0.0                                 0
289         33.56929498164771        0.0                                 0
290         33.017303623951896        0.0                                 0
291         33.017303623951896        0.0                                 0
292         32.837096993571876        0.0                                 0
293         32.35500679296687        0.0                                 0
294         32.35500679296687        0.0                                 0
295         32.74939447584756        0.0                                 0
296         33.00213088796831        0.0                                 0
297         32.15432777438191        0.0                                 0
298         32.150788682210255        0.0                                 0
299         31.846129198123798        0.0                                 0
300         29.415802098326562        0.0                                 0
301         29.00870533069773        0.0                                 0
302         27.415636923823957        0.0                                 0
303         27.415636923823957        0.0                                 0
304         27.44489181566448        0.0                                 0
305         25.40077280632139        0.0                                 0
306         23.405292367013736        0.0                                 0
307         23.35998790998918        0.0                                 0
308         23.35998790998918        0.0                                 0
309         23.362895339309226        0.0                                 0
310         24.15357975412145        0.0                                 0
311         24.15357975412145        0.0                                 0
312         26.674672464019757        0.0                                 0
313         24.86332729879322        0.0                                 0
314         24.86332729879322        0.0                                 0
315         25.006169358264703        0.0                                 0
316         24.709592380371966        0.0                                 0
317         24.354577317927905        0.0                                 0
318         24.354577317927905        0.0                                 0
319         24.458866347705076        0.0                                 0
320         24.45424874419758        0.0                                 0
321         24.45424874419758        0.0                                 0
322         24.466346372845262        0.0                                 0
323         24.06560114575349        0.0                                 0
324         24.06560114575349        0.0                                 0
325         22.993802623679905        0.0                                 0
326         21.30429065808208        0.0                                 0
327         21.30429065808208        0.0                                 0
328         21.333967697679704        0.0                                 0
329         21.224192547727515        0.0                                 0
330         20.848368046527753        0.0                                 0
331         20.70622755823236        0.0                                 0
332         19.17012536911033        0.0                                 0
333         19.17012536911033        0.0                                 0
334         18.15787970168485        0.0                                 0
335         18.15787970168485        0.0                                 0
336         19.62082864422771        0.0                                 0
337         18.648673876748724        0.0                                 0
338         18.64743296555836        0.0                                 0
339         18.553080968868066        0.0                                 0
340         18.553080968868066        0.0                                 0
341         18.37883303337364        0.0                                 0
342         18.37883303337364        0.0                                 0
343         18.156914379434003        0.0                                 0
344         18.01211567392304        0.0                                 0
345         17.909322623878843        0.0                                 0
346         17.909322623878843        0.0                                 0
347         20.100494185646664        0.0                                 0
348         20.12564558322716        0.0                                 0
349         19.666050270589434        0.0                                 0
350         19.659242264759154        0.0                                 0
351         19.659242264759154        0.0                                 0
352         20.42395816572607        0.0                                 0
353         20.42395816572607        0.0                                 0
354         20.430732268732736        0.0                                 0
355         23.290330236107092        0.0                                 0
356         23.09843502472209        0.0                                 0
357         23.09843502472209        0.0                                 0
358         24.272793721651805        0.0                                 0
359         23.449851642278954        0.0                                 0
360         23.449851642278954        0.0                                 0
361         23.620803008495923        0.0                                 0
362         24.50981634656142        0.0                                 0
363         24.708309415438706        0.0                                 0
364         24.708309415438706        0.0                                 0
365         25.95220054814053        0.0                                 0
366         25.853231506446647        0.0                                 0
367         25.853231506446647        0.0                                 0
368         26.406911449050888        0.0                                 0
369         26.57651376840939        0.0                                 0
370         27.41747540586505        0.0                                 0
371         27.404645741373717        0.0                                 0
372         27.404645741373717        0.0                                 0
373         26.816098110745788        0.0                                 0
374         26.816098110745788        0.0                                 0
375         26.0188576140576        0.0                                 0
376         25.73512823090873        0.0                                 0
377         25.73512823090873        0.0                                 0
378         27.726349836399113        0.0                                 0
379         28.102757696487398        0.0                                 0
380         28.102757696487398        0.0                                 0
381         28.240867919402163        0.0                                 0
382         28.23374188965936        0.0                                 0
383         27.878600974005806        0.0                                 0
384         27.878600974005806        0.0                                 0
385         27.904764029742797        0.0                                 0
386         28.744877342440038        0.0                                 0
387         28.744877342440038        0.0                                 0
388         28.336052061183672        0.0                                 0
389         28.336052061183672        0.0                                 0
390         32.763025828923205        0.0                                 0
391         34.43535242112388        0.0                                 0
392         33.852080090822255        0.0                                 0
393         33.852080090822255        0.0                                 0
394         30.77602115258301        0.0                                 0
395         30.77602115258301        0.0                                 0
396         30.98656957941003        0.0                                 0
397         30.994315265947424        0.0                                 0
398         30.978514218379203        0.0                                 0
399         30.978514218379203        0.0                                 0
400         30.99888433978243        0.0                                 0
401         31.34079381437859        0.0                                 0
402         31.305871442898273        0.0                                 0
403         30.64668197377085        0.0                                 0
404         29.849513748252544        0.0                                 0
405         29.849513748252544        0.0                                 0
406         28.958787575109685        0.0                                 0
407         28.958787575109685        0.0                                 0
408         30.58707719984419        0.0                                 0
409         30.58707719984419        0.0                                 0
410         31.039828106261396        0.0                                 0
411         31.039828106261396        0.0                                 0
412         31.367029410322537        0.0                                 0
413         31.605275914727073        0.0                                 0
414         30.350673985657306        0.0                                 0
415         30.350673985657306        0.0                                 0
416         30.732063556709104        0.0                                 0
417         30.544227041054047        0.0                                 0
418         27.666170581399243        0.0                                 0
419         27.616987502188444        0.0                                 0
420         27.407882833656558        0.0                                 0
421         27.407882833656558        0.0                                 0
422         28.503649860454097        0.0                                 0
423         30.157296140846565        0.0                                 0
424         30.135226497056912        0.0                                 0
425         29.39245784852719        0.0                                 0
426         29.39245784852719        0.0                                 0
427         27.631132151303778        0.0                                 0
428         27.631132151303778        0.0                                 0
429         27.738236955576934        0.0                                 0
430         28.51174421031061        0.0                                 0
431         30.7868861895966        0.0                                 0
432         30.78449543642966        0.0                                 0
433         30.78449543642966        0.0                                 0
434         31.45951650929444        0.0                                 0
435         31.681285453750263        0.0                                 0
436         31.838524381138573        0.0                                 0
437         31.504680538628673        0.0                                 0
438         31.20821366105199        0.0                                 0
439         31.20821366105199        0.0                                 0
440         31.94596146404797        0.0                                 0
441         32.305034234439766        0.0                                 0
442         32.293302015660366        0.0                                 0
443         32.01927381484532        0.0                                 0
444         31.534807709251528        0.0                                 0
445         31.534807709251528        0.0                                 0
446         31.708813192002047        0.0                                 0
447         31.708813192002047        0.0                                 0
448         32.135172044900244        0.0                                 0
449         32.135172044900244        0.0                                 0
450         32.16574046579693        0.0                                 0
451         32.45854250728831        0.0                                 0
452         31.77453243896782        0.0                                 0
453         30.45276041765619        0.0                                 0
454         30.45276041765619        0.0                                 0
455         30.51433529190823        0.0                                 0
456         30.743132572512256        0.0                                 0
457         31.722363574924493        0.0                                 0
458         32.14506659095188        0.0                                 0
459         32.1946533743084        0.0                                 0
460         31.795082086258407        0.0                                 0
461         31.1458792412125        0.0                                 0
462         31.1458792412125        0.0                                 0
463         28.96453841568074        0.0                                 0
464         28.96453841568074        0.0                                 0
465         29.03508489948061        0.0                                 0
466         29.088210957393702        0.0                                 0
467         29.102140304558468        0.0                                 0
468         29.1437139721067        0.0                                 0
469         28.737912119575565        0.0                                 0
470         28.737912119575565        0.0                                 0
471         28.590739715370276        0.0                                 0
472         27.74647804914889        0.0                                 0
473         27.74647804914889        0.0                                 0
474         27.83430381396896        0.0                                 0
475         27.39576861818275        0.0                                 0
476         25.96500159242249        0.0                                 0
477         25.96500159242249        0.0                                 0
478         27.3669156626943        0.0                                 0
479         27.93767005777151        0.0                                 0
480         30.89512111680149        0.0                                 0
481         30.7625840611795        0.0                                 0
482         30.7625840611795        0.0                                 0
483         32.72314513182393        0.0                                 0
484         32.80492139685709        0.0                                 0
485         34.571184675534916        0.0                                 0
486         34.571184675534916        0.0                                 0
487         34.86592080157124        0.0                                 0
488         32.996674081026136        0.0                                 0
489         32.996674081026136        0.0                                 0
490         33.09412226499453        0.0                                 0
491         33.09188115120661        0.0                                 0
492         32.944869680072564        0.0                                 0
493         32.882411004921494        0.0                                 0
494         32.79301313683797        0.0                                 0
495         32.352758922393825        0.0                                 0
496         30.187155168661615        0.0                                 0
497         30.187155168661615        0.0                                 0
498         30.187955053067927        0.0                                 0
499         30.307026678319072        0.0                                 0
500         30.4897561847721        0.0                                 0
501         33.13831196529826        0.0                                 0
502         33.212818115448414        0.0                                 0
503         31.62961953449575        0.0                                 0
504         31.626948106365624        0.0                                 0
505         25.879283825323085        0.0                                 0
506         25.748374207880723        0.0                                 0
507         25.748374207880723        0.0                                 0
508         25.835520106205696        0.0                                 0
509         25.835520106205696        0.0                                 0
510         24.922483870901413        0.0                                 0
511         24.922483870901413        0.0                                 0
512         27.149506086357682        0.0                                 0
513         26.153102742956712        0.0                                 0
514         26.153102742956712        0.0                                 0
515         25.901307651773248        0.0                                 0
516         25.901126395527072        0.0                                 0
517         25.901126395527072        0.0                                 0
518         25.905524315580728        0.0                                 0
519         27.53052976432711        0.0                                 0
520         27.378432660625773        0.0                                 0
521         27.378432660625773        0.0                                 0
522         27.6052973449645        0.0                                 0
523         27.67548295636505        0.0                                 0
524         27.718589137359167        0.0                                 0
525         26.394091810190467        0.0                                 0
526         26.394091810190467        0.0                                 0
527         28.20730732825448        0.0                                 0
528         26.619407966222298        0.0                                 0
529         25.049128281679995        0.0                                 0
530         24.7952847834101        0.0                                 0
531         24.765768535724153        0.0                                 0
532         24.764695020545222        0.0                                 0
533         24.764695020545222        0.0                                 0
534         26.13145868670979        0.0                                 0
535         26.12687467657769        0.0                                 0
536         26.126843521824323        0.0                                 0
537         24.46882473262908        0.0                                 0
538         24.468785791852486        0.0                                 0
539         24.468785791852486        0.0                                 0
540         24.592922041548377        0.0                                 0
541         24.613293390837118        0.0                                 0
542         25.014624995744178        0.0                                 0
543         25.84579358390585        0.0                                 0
544         27.28527657301505        0.0                                 0
545         29.67823940194256        0.0                                 0
546         29.73293806152062        0.0                                 0
547         31.16083862436113        0.0                                 0
548         31.150010625121986        0.0                                 0
549         30.9028230336763        0.0                                 0
550         30.9028230336763        0.0                                 0
551         29.570503497678178        0.0                                 0
552         29.570503497678178        0.0                                 0
553         30.028081564948202        0.0                                 0
554         30.028081564948202        0.0                                 0
555         29.906072470947766        0.0                                 0
556         29.906072470947766        0.0                                 0
557         29.916176470516987        0.0                                 0
558         28.087907924070407        0.0                                 0
559         27.998681948424938        0.0                                 0
560         27.841898526377513        0.0                                 0
561         27.841898526377513        0.0                                 0
562         28.075550072328262        0.0                                 0
563         29.489718431624766        0.0                                 0
564         29.714386864818703        0.0                                 0
565         29.77708107686742        0.0                                 0
566         29.805412490016806        0.0                                 0
567         30.670946625981387        0.0                                 0
568         29.900747318338425        0.0                                 0
569         29.87153618198326        0.0                                 0
570         29.87153618198326        0.0                                 0
571         28.576396530339707        0.0                                 0
572         28.576396530339707        0.0                                 0
573         28.22927497423425        0.0                                 0
574         28.22927497423425        0.0                                 0
575         28.111380928809176        0.0                                 0
576         28.111380928809176        0.0                                 0
577         28.11913773210379        0.0                                 0
578         28.150381875422593        0.0                                 0
579         29.848390692931794        0.0                                 0
580         29.904107032367257        0.0                                 0
581         29.934232775124126        0.0                                 0
582         29.934232775124126        0.0                                 0
583         29.619257446409982        0.0                                 0
584         29.619257446409982        0.0                                 0
585         30.115938843432296        0.0                                 0
586         31.14307236932944        0.0                                 0
587         31.12283251334376        0.0                                 0
588         31.12283251334376        0.0                                 0
589         31.1738337040799        0.0                                 0
590         27.90461910814833        0.0                                 0
591         27.90461910814833        0.0                                 0
592         25.495950296696893        0.0                                 0
593         25.495950296696893        0.0                                 0
594         25.821053007481733        0.0                                 0
595         25.821053007481733        0.0                                 0
596         30.897772270999933        0.0                                 0
597         30.94827240702071        0.0                                 0
598         30.963377675795677        0.0                                 0
599         29.280779764095197        0.0                                 0
600         29.280779764095197        0.0                                 0
601         29.29057609678691        0.0                                 0
602         29.29057609678691        0.0                                 0
603         29.561616198481744        0.0                                 0
604         29.567898363593894        0.0                                 0
605         29.75089448384561        0.0                                 0
606         30.099326270912286        0.0                                 0
607         31.4901816208752        0.0                                 0
608         31.66997330588582        0.0                                 0
609         31.603147918651516        0.0                                 0
610         28.508946434551465        0.0                                 0
611         25.552189139824158        0.0                                 0
612         25.54735277687782        0.0                                 0
613         25.53954677469852        0.0                                 0
614         22.64110635810785        0.0                                 0
615         22.21546145468389        0.0                                 0
616         22.21546145468389        0.0                                 0
617         24.899150493010445        0.0                                 0
618         24.899150493010445        0.0                                 0
619         27.18714742731909        0.0                                 0
620         27.18714742731909        0.0                                 0
621         28.045043693388262        0.0                                 0
622         30.5012811422985        0.0                                 0
623         30.313659529032783        0.0                                 0
624         29.124748716622605        0.0                                 0
625         29.124748716622605        0.0                                 0
626         28.874725197669818        0.0                                 0
627         28.874725197669818        0.0                                 0
628         28.99207059028881        0.0                                 0
629         29.680843164224417        0.0                                 0
630         29.680843164224417        0.0                                 0
631         29.681425196559942        0.0                                 0
632         29.541622814931994        0.0                                 0
633         29.48805988615286        0.0                                 0
634         29.48805988615286        0.0                                 0
635         29.740294768268367        0.0                                 0
636         29.845966867956495        0.0                                 0
637         30.807673592341093        0.0                                 0
638         28.930449901229768        0.0                                 0
639         28.930449901229768        0.0                                 0
640         28.933298717819305        0.0                                 0
641         31.731399831758992        0.0                                 0
642         31.73378352661908        0.0                                 0
643         31.73518459513591        0.0                                 0
644         32.648172314044295        0.0                                 0
645         31.138518916282106        0.0                                 0
646         29.683196504461307        0.0                                 0
647         29.683196504461307        0.0                                 0
648         30.01139804040689        0.0                                 0
649         30.763337656464596        0.0                                 0
650         29.408108915755083        0.0                                 0
651         28.274838438742997        0.0                                 0
652         28.274838438742997        0.0                                 0
653         27.926147041841467        0.0                                 0
654         27.926147041841467        0.0                                 0
655         30.967799144775014        0.0                                 0
656         31.125374523198538        0.0                                 0
657         32.73254347325924        0.0                                 0
658         32.01306314092389        0.0                                 0
659         27.617479120007754        0.0                                 0
660         25.610327879913015        0.0                                 0
661         25.35655856808539        0.0                                 0
662         23.68844806059276        0.0                                 0
663         23.68844806059276        0.0                                 0
664         23.75182865772081        0.0                                 0
665         23.90056163041859        0.0                                 0
666         23.94514272255968        0.0                                 0
667         21.094194924223025        0.0                                 0
668         21.093902713427493        0.0                                 0
669         20.755034375343406        0.0                                 0
670         19.077889023183694        0.0                                 0
671         19.077889023183694        0.0                                 0
672         19.531342824461667        0.0                                 0
673         17.475460437821866        0.0                                 0
674         17.475460437821866        0.0                                 0
675         17.406382913814106        0.0                                 0
676         17.406382913814106        0.0                                 0
677         17.455069180439498        0.0                                 0
678         18.38906553336232        0.0                                 0
679         18.29675097946377        0.0                                 0
680         15.661579293771508        0.0                                 0
681         15.419859663294956        0.0                                 0
682         15.414838127808427        0.0                                 0
683         15.414838127808427        0.0                                 0
684         15.673684493170612        0.0                                 0
685         15.990947462728052        0.0                                 0
686         16.356231323867668        0.0                                 0
687         19.133873364974306        0.0                                 0
688         19.525836605100586        0.0                                 0
689         19.759085926747645        0.0                                 0
690         21.32512393688466        0.0                                 0
691         21.32512393688466        0.0                                 0
692         22.302425845995998        0.0                                 0
693         22.357340388185214        0.0                                 0
694         22.357340388185214        0.0                                 0
695         22.361156766890883        0.0                                 0
696         22.362692579374166        0.0                                 0
697         22.401440387541676        0.0                                 0
698         20.778984429899438        0.0                                 0
699         20.53657698830611        0.0                                 0
700         20.53657698830611        0.0                                 0
701         21.77496883377671        0.0                                 0
702         21.77496883377671        0.0                                 0
703         22.857938859577523        0.0                                 0
704         22.893789128051345        0.0                                 0
705         22.893789128051345        0.0                                 0
706         22.918576914125346        0.0                                 0
707         25.533856322037416        0.0                                 0
708         25.54411255838553        0.0                                 0
709         27.203327981305595        0.0                                 0
710         27.31556330663907        0.0                                 0
711         27.31556330663907        0.0                                 0
712         27.893638535598228        0.0                                 0
713         27.892115386892918        0.0                                 0
714         25.391051081939672        0.0                                 0
715         25.391051081939672        0.0                                 0
716         26.789344935977766        0.0                                 0
717         26.789344935977766        0.0                                 0
718         27.48089667430567        0.0                                 0
719         28.954673812922437        0.0                                 0
720         28.9462671881465        0.0                                 0
721         28.90565449336985        0.0                                 0
722         28.90565449336985        0.0                                 0
723         30.58200804562415        0.0                                 0
724         30.58200804562415        0.0                                 0
725         33.14791444659085        0.0                                 0
726         33.636331245533924        0.0                                 0
727         33.652321029582694        0.0                                 0
728         33.991028280354946        0.0                                 0
729         34.30003836808771        0.0                                 0
730         34.30003836808771        0.0                                 0
731         34.30235718967297        0.0                                 0
732         33.43866619947616        0.0                                 0
733         33.43866619947616        0.0                                 0
734         32.179201110285916        0.0                                 0
735         32.179201110285916        0.0                                 0
736         33.694592959363405        0.0                                 0
737         34.28698492745149        0.0                                 0
738         36.59519866457956        0.0                                 0
739         36.83739572363536        0.0                                 0
740         36.916218698935985        0.0                                 0
741         36.916218698935985        0.0                                 0
742         37.05735608008994        0.0                                 0
743         37.52084666342221        0.0                                 0
744         37.82968251463531        0.0                                 0
745         37.71020794716322        0.0                                 0
746         36.89110423482334        0.0                                 0
747         36.301645645519486        0.0                                 0
748         34.27758472512319        0.0                                 0
749         33.049341105765635        0.0                                 0
750         32.66146115137586        0.0                                 0
751         30.75667105707579        0.0                                 0
752         30.75667105707579        0.0                                 0
753         31.627649758012932        0.0                                 0
754         31.9108457968089        0.0                                 0
755         31.9108457968089        0.0                                 0
756         31.578349300672137        0.0                                 0
757         28.93816483914658        0.0                                 0
758         28.709722972372173        0.0                                 0
759         28.709722972372173        0.0                                 0
760         29.20644020089439        0.0                                 0
761         29.20644020089439        0.0                                 0
762         29.77781002029233        0.0                                 0
763         29.779969106233768        0.0                                 0
764         29.88081883636585        0.0                                 0
765         29.51432728728221        0.0                                 0
766         29.51432728728221        0.0                                 0
767         29.42768857282831        0.0                                 0
768         28.825975486974798        0.0                                 0
769         28.825975486974798        0.0                                 0
770         28.86836085511356        0.0                                 0
771         29.39624691862552        0.0                                 0
772         29.431974256585434        0.0                                 0
773         29.431974256585434        0.0                                 0
774         29.43270188239427        0.0                                 0
775         30.263378824215543        0.0                                 0
776         30.277634498172837        0.0                                 0
777         30.469039302846816        0.0                                 0
778         30.469039302846816        0.0                                 0
779         30.472073779360436        0.0                                 0
780         33.26603377831406        0.0                                 0
781         34.74670820541472        0.0                                 0
782         34.88850135828913        0.0                                 0
783         34.892258375968304        0.0                                 0
784         37.89851110420907        0.0                                 0
785         37.95881539300767        0.0                                 0
786         38.0500276480673        0.0                                 0
787         37.97989238785995        0.0                                 0
788         37.97989238785995        0.0                                 0
789         37.48400991128074        0.0                                 0
790         34.94597711926328        0.0                                 0
791         34.59537924578925        0.0                                 0
792         34.59537924578925        0.0                                 0
793         35.95155201487347        0.0                                 0
794         35.95155201487347        0.0                                 0
795         35.96045032680225        0.0                                 0
796         33.898423370887464        0.0                                 0
797         33.87509327999286        0.0                                 0
798         33.87509327999286        0.0                                 0
799         34.79489789484365        0.0                                 0
800         36.11249183785286        0.0                                 0
801         36.11249183785286        0.0                                 0
802         36.58890137996208        0.0                                 0
803         37.27569916529723        0.0                                 0
804         37.27569916529723        0.0                                 0
805         37.29338559880395        0.0                                 0
806         37.185919831448665        0.0                                 0
807         37.185919831448665        0.0                                 0
808         37.38309489035461        0.0                                 0
809         37.3749088562496        0.0                                 0
810         37.3749088562496        0.0                                 0
811         37.40338484300265        0.0                                 0
812         36.474262014488076        0.0                                 0
813         36.474262014488076        0.0                                 0
814         36.537896874754644        0.0                                 0
815         37.02319695680314        0.0                                 0
816         34.79092241505301        0.0                                 0
817         34.79092241505301        0.0                                 0
818         35.292587394051544        0.0                                 0
819         33.26175756394697        0.0                                 0
820         33.203850421792595        0.0                                 0
821         33.203850421792595        0.0                                 0
822         33.22429879198793        0.0                                 0
823         31.42268425081608        0.0                                 0
824         28.69950590903728        0.0                                 0
825         28.69950590903728        0.0                                 0
826         28.69953399351401        0.0                                 0
827         29.05330948077922        0.0                                 0
828         28.956078959023362        0.0                                 0
829         28.956078959023362        0.0                                 0
830         28.4181953471        0.0                                 0
831         27.33750238964057        0.0                                 0
832         27.244582256279582        0.0                                 0
833         27.243956935953285        0.0                                 0
834         27.243956935953285        0.0                                 0
835         29.90806800145086        0.0                                 0
836         32.56190259577488        0.0                                 0
837         35.68282463763969        0.0                                 0
838         35.90218222669438        0.0                                 0
839         37.2739075406374        0.0                                 0
840         37.05909775738489        0.0                                 0
841         37.05909775738489        0.0                                 0
842         37.98940852872591        0.0                                 0
843         37.787731661425035        0.0                                 0
844         37.787731661425035        0.0                                 0
845         38.34840324794753        0.0                                 0
846         38.534741977299184        0.0                                 0
847         37.90813278253767        0.0                                 0
848         37.90813278253767        0.0                                 0
849         37.91417993136197        0.0                                 0
850         37.529507163334216        0.0                                 0
851         37.529507163334216        0.0                                 0
852         37.7532866804991        0.0                                 0
853         37.91267990290498        0.0                                 0
854         37.91683140459129        0.0                                 0
855         37.78555661489604        0.0                                 0
856         37.783071186438484        0.0                                 0
857         37.783071186438484        0.0                                 0
858         37.56729198249835        0.0                                 0
859         36.19932314274362        0.0                                 0
860         36.16702777965079        0.0                                 0
861         35.335053394275306        0.0                                 0
862         35.2070182090649        0.0                                 0
863         33.57475742781169        0.0                                 0
864         33.57475742781169        0.0                                 0
865         32.41935945144869        0.0                                 0
866         31.870119817472997        0.0                                 0
867         31.870119817472997        0.0                                 0
868         32.42312884858425        0.0                                 0
869         32.4027725387605        0.0                                 0
870         32.4027725387605        0.0                                 0
871         30.248296790285746        0.0                                 0
872         30.248296790285746        0.0                                 0
873         29.148112643666863        0.0                                 0
874         29.148112643666863        0.0                                 0
875         29.131167979283852        0.0                                 0
876         29.131167979283852        0.0                                 0
877         28.88390599554078        0.0                                 0
878         28.78132224117378        0.0                                 0
879         28.435053542330998        0.0                                 0
880         28.21255166761969        0.0                                 0
881         28.21255166761969        0.0                                 0
882         29.791611128110027        0.0                                 0
883         29.819580292488126        0.0                                 0
884         29.87681967593168        0.0                                 0
885         29.919509793052914        0.0                                 0
886         30.273377483299683        0.0                                 0
887         29.42968928734499        0.0                                 0
888         29.27782382388374        0.0                                 0
889         28.77447556042143        0.0                                 0
890         28.567325510055905        0.0                                 0
891         28.567325510055905        0.0                                 0
892         26.237170830856876        0.0                                 0
893         26.237170830856876        0.0                                 0
894         25.471456419132302        0.0                                 0
895         25.471438413712495        0.0                                 0
896         25.471438413712495        0.0                                 0
897         25.414003123266667        0.0                                 0
898         24.866831494556934        0.0                                 0
899         24.858000731122893        0.0                                 0
900         24.674213789615948        0.0                                 0
901         24.674213789615948        0.0                                 0
902         24.68646174474326        0.0                                 0
903         26.27687261130481        0.0                                 0
904         26.27687261130481        0.0                                 0
905         26.91121734582124        0.0                                 0
906         26.916450717756952        0.0                                 0
907         28.388086316828296        0.0                                 0
908         28.149306294225187        0.0                                 0
909         28.14743196908812        0.0                                 0
910         28.1153549614689        0.0                                 0
911         26.641113852096066        0.0                                 0
912         25.746715224923467        0.0                                 0
913         25.724646519518835        0.0                                 0
914         25.724646519518835        0.0                                 0
915         25.703651040239894        0.0                                 0
916         25.703651040239894        0.0                                 0
917         24.46368948108607        0.0                                 0
918         24.46368948108607        0.0                                 0
919         24.54591349630447        0.0                                 0
920         24.62446204920768        0.0                                 0
921         24.360892860771198        0.0                                 0
922         24.360892860771198        0.0                                 0
923         25.5169679989099        0.0                                 0
924         25.69025573079347        0.0                                 0
925         25.688237780750985        0.0                                 0
926         25.688237780750985        0.0                                 0
927         26.66313831206484        0.0                                 0
928         26.667983563341615        0.0                                 0
929         29.839758331331357        0.0                                 0
930         30.234726469727665        0.0                                 0
931         30.68826551276054        0.0                                 0
932         28.88097756709536        0.0                                 0
933         27.986880117839657        0.0                                 0
934         27.986880117839657        0.0                                 0
935         29.127632104295262        0.0                                 0
936         29.127632104295262        0.0                                 0
937         29.7041946489573        0.0                                 0
938         29.098290235199617        0.0                                 0
939         29.098290235199617        0.0                                 0
940         27.923189940683788        0.0                                 0
941         27.923189940683788        0.0                                 0
942         29.39362403646785        0.0                                 0
943         32.147520650723024        0.0                                 0
944         32.147520650723024        0.0                                 0
945         32.030903791908926        0.0                                 0
946         31.528828378675964        0.0                                 0
947         31.435179433975588        0.0                                 0
948         31.417553072511378        0.0                                 0
949         31.417553072511378        0.0                                 0
950         31.43194828810632        0.0                                 0
951         31.381547547238675        0.0                                 0
952         31.381547547238675        0.0                                 0
953         31.061263582301372        0.0                                 0
954         31.061263582301372        0.0                                 0
955         31.061294631001914        0.0                                 0
956         29.522040250829686        0.0                                 0
957         29.032558916614267        0.0                                 0
958         29.028449931040893        0.0                                 0
959         29.028449931040893        0.0                                 0
960         29.97959598359675        0.0                                 0
961         31.26839164180939        0.0                                 0
962         31.26839164180939        0.0                                 0
963         31.268572998457238        0.0                                 0
964         30.983055329635746        0.0                                 0
965         30.803943170089568        0.0                                 0
966         30.153166401365674        0.0                                 0
967         30.153166401365674        0.0                                 0
968         30.161319674917493        0.0                                 0
969         32.77966137098502        0.0                                 0
970         32.779830691732585        0.0                                 0
971         32.79377737701239        0.0                                 0
972         32.80674138667885        0.0                                 0
973         31.99905511503071        0.0                                 0
974         30.371038675257275        0.0                                 0
975         28.76984106383623        0.0                                 0
976         28.520177846334235        0.0                                 0
977         28.520177846334235        0.0                                 0
978         26.73611542823488        0.0                                 0
979         26.73611542823488        0.0                                 0
980         27.57346400388207        0.0                                 0
981         27.57346400388207        0.0                                 0
982         27.989412402261262        0.0                                 0
983         27.994860477738623        0.0                                 0
984         28.061721077456795        0.0                                 0
985         28.103750161239038        0.0                                 0
986         28.107610208413448        0.0                                 0
987         28.061039862160644        0.0                                 0
988         28.061039862160644        0.0                                 0
989         28.23982117810406        0.0                                 0
990         28.512419611658444        0.0                                 0
991         28.512419611658444        0.0                                 0
992         28.750488470233268        0.0                                 0
993         28.320768840062765        0.0                                 0
994         28.018989266916687        0.0                                 0
995         28.018989266916687        0.0                                 0
996         22.927295459598284        0.0                                 0
997         21.713295528317694        0.0                                 0
998         21.69570782945076        0.0                                 0
999         20.258394911679794        0.0                                 0
// Funcion: sphere Enfriamiento: lineal Semilla: 1390356924