iteracion  mejor_solucion    distancia_euclidiana                 distancia_hamming
0         39.8194290542204        0.0                                 0
1         39.78981357599881        0.0                                 0
2         39.78981357599881        0.0                                 0
3         40.69734214885677        0.0                                 0
4         39.53474149188407        0.0                                 0
5         39.533941748420624        0.0                                 0
6         39.533941748420624        0.0                                 0
7         38.28036657560477        0.0                                 0
8         38.28036657560477        0.0                                 0
9         38.11221432536967        0.0                                 0
10         37.96601528640927        0.0                                 0
11         37.96601528640927        0.0                                 0
12         38.299876759916415        0.0                                 0
13         37.25902682279713        0.0                                 0
14         37.253234378839274        0.0                                 0
15         37.253234378839274        0.0                                 0
16         37.51256366257701        0.0                                 0
17         37.51256366257701        0.0                                 0
18         38.09826320739906        0.0                                 0
19         38.111957771574204        0.0                                 0
20         38.122621540832014        0.0                                 0
21         38.12367473204976        0.0                                 0
22         38.127228493655124        0.0                                 0
23         41.01461473412907        0.0                                 0
24         40.99001196887715        0.0                                 0
25         40.23849307596837        0.0                                 0
26         39.62599409873971        0.0                                 0
27         39.62599409873971        0.0                                 0
28         40.362846445192424        0.0                                 0
29         40.34433159925461        0.0                                 0
30         40.34433159925461        0.0                                 0
31         42.92481527663004        0.0                                 0
32         42.94720930252951        0.0                                 0
33         38.123133925051896        0.0                                 0
34         38.11525996530875        0.0                                 0
35         38.11525996530875        0.0                                 0
36         38.97615250891759        0.0                                 0
37         40.3719759246187        0.0                                 0
38         42.592334084468334        0.0                                 0
39         42.592334084468334        0.0                                 0
40         43.88682423506049        0.0                                 0
41         42.76281909424344        0.0                                 0
42         42.76281909424344        0.0                                 0
43         42.68134992056905        0.0                                 0
44         42.68134992056905        0.0                                 0
45         43.048311341240485        2.23606797749979                                 5
46         43.048311341240485        0.0                                 0
47         42.582724376674136        0.0                                 0
48         39.15401848120254        0.0                                 0
49         39.15401848120254        0.0                                 0
50         37.842816378315        0.0                                 0
51         37.16451563055716        0.0                                 0
52         37.16451563055716        0.0                                 0
53         36.13437230057641        0.0                                 0
54         36.13437230057641        0.0                                 0
55         36.76398267338654        0.0                                 0
56         36.76398267338654        0.0                                 0
57         37.432101425203435        0.0                                 0
58         38.022614022366156        0.0                                 0
59         38.653897021057396        0.0                                 0
60         38.65390192646488        0.0                                 0
61         41.67342822702856        0.0                                 0
62         41.43210432319849        0.0                                 0
63         41.43210432319849        0.0                                 0
64         44.11610406151495        0.0                                 0
65         42.64947216518185        0.0                                 0
66         42.64947216518185        0.0                                 0
67         43.26401248761464        0.0                                 0
68         43.268062168788276        0.0                                 0
69         42.74442581869297        0.0                                 0
70         40.319804700307934        0.0                                 0
71         40.09576022135132        0.0                                 0
72         38.348670622432266        0.0                                 0
73         37.34493911074956        0.0                                 0
74         37.34493911074956        0.0                                 0
75         38.090561943657036        0.0                                 0
76         38.0927286264822        0.0                                 0
77         38.10857669083869        0.0                                 0
78         37.815529563833024        0.0                                 0
79         35.587105640099        0.0                                 0
80         35.457148034560774        0.0                                 0
81         35.457148034560774        0.0                                 0
82         36.030627298761395        0.0                                 0
83         36.04933646558722        0.0                                 0
84         36.053975436107905        0.0                                 0
85         36.56502700094014        0.0                                 0
86         36.46426637192303        0.0                                 0
87         36.46426637192303        0.0                                 0
88         36.50073547493872        0.0                                 0
89         36.6113047929932        0.0                                 0
90         36.784298578704494        0.0                                 0
91         39.7913699528954        0.0                                 0
92         38.09346496501706        0.0                                 0
93         38.07047298061253        0.0                                 0
94         38.0349375778612        0.0                                 0
95         38.0349375778612        0.0                                 0
96         38.346421357513385        0.0                                 0
97         34.48254714460429        0.0                                 0
98         34.143244130826176        0.0                                 0
99         32.52648223533882        0.0                                 0
100         30.896804498168557        0.0                                 0
101         30.8361010059521        0.0                                 0
102         30.828438859329594        0.0                                 0
103         30.828438859329594        0.0                                 0
104         27.997879288326782        0.0                                 0
105         27.96210453941955        0.0                                 0
106         27.96210453941955        0.0                                 0
107         27.338555952468237        0.0                                 0
108         27.317915331181194        0.0                                 0
109         27.317915331181194        0.0                                 0
110         25.66372713997686        0.0                                 0
111         25.283718836356723        0.0                                 0
112         25.283718836356723        0.0                                 0
113         25.29990554067494        0.0                                 0
114         25.132744208292813        0.0                                 0
115         23.390671173945517        0.0                                 0
116         23.390671173945517        0.0                                 0
117         25.12968875225414        0.0                                 0
118         25.184238366714354        0.0                                 0
119         25.184238366714354        0.0                                 0
120         25.502146042184044        0.0                                 0
121         25.502146042184044        0.0                                 0
122         28.261094671347145        0.0                                 0
123         28.261094671347145        0.0                                 0
124         29.990431462453632        0.0                                 0
125         29.990431462453632        0.0                                 0
126         30.02596043248593        0.0                                 0
127         30.02596043248593        0.0                                 0
128         30.099567245224797        0.0                                 0
129         29.363895763980143        0.0                                 0
130         27.718642658219544        0.0                                 0
131         27.718642658219544        0.0                                 0
132         29.365400235320863        0.0                                 0
133         29.491892592035395        0.0                                 0
134         29.947580623859064        0.0                                 0
135         30.11040841303286        0.0                                 0
136         28.50446276620641        0.0                                 0
137         28.253190335494665        0.0                                 0
138         28.248834522136523        0.0                                 0
139         28.247429848833907        0.0                                 0
140         28.247429848833907        0.0                                 0
141         28.273862540123517        0.0                                 0
142         28.61671652923568        0.0                                 0
143         29.077317478433372        0.0                                 0
144         29.603507187175165        0.0                                 0
145         29.387911228224645        0.0                                 0
146         27.644329673726215        0.0                                 0
147         27.58772077013916        0.0                                 0
148         27.58772077013916        0.0                                 0
149         30.157622829720026        0.0                                 0
150         30.00104571663781        0.0                                 0
151         29.997268018205457        0.0                                 0
152         29.997268018205457        0.0                                 0
153         29.999530958721568        0.0                                 0
154         28.34031252091972        0.0                                 0
155         28.330330459192307        0.0                                 0
156         28.330330459192307        0.0                                 0
157         30.297365953182872        0.0                                 0
158         27.725051019412216        0.0                                 0
159         27.725051019412216        0.0                                 0
160         29.283814506524745        0.0                                 0
161         26.457122622605535        0.0                                 0
162         26.457122622605535        0.0                                 0
163         23.495698121997627        0.0                                 0
164         23.495698121997627        0.0                                 0
165         23.57403662179858        0.0                                 0
166         23.570705806472446        0.0                                 0
167         23.570705806472446        0.0                                 0
168         23.535163857457313        0.0                                 0
169         23.534200237558757        0.0                                 0
170         23.496353240758104        0.0                                 0
171         23.48886908098823        0.0                                 0
172         23.48886908098823        0.0                                 0
173         22.91974925310507        0.0                                 0
174         22.91974925310507        0.0                                 0
175         23.090244244498336        0.0                                 0
176         23.16748504364859        0.0                                 0
177         23.21004941142945        0.0                                 0
178         25.00868938972183        0.0                                 0
179         24.70750379460533        0.0                                 0
180         23.578315313023545        0.0                                 0
181         23.495165935051862        0.0                                 0
182         21.851976594396316        0.0                                 0
183         21.851976594396316        0.0                                 0
184         21.82925416591993        0.0                                 0
185         21.82925416591993        0.0                                 0
186         21.841164352284082        0.0                                 0
187         21.9532374808965        0.0                                 0
188         22.616050716136296        0.0                                 0
189         22.98453731388637        0.0                                 0
190         22.65269052704948        0.0                                 0
191         22.65269052704948        0.0                                 0
192         23.281200864594698        0.0                                 0
193         23.28224759020242        0.0                                 0
194         24.857243625285943        0.0                                 0
195         24.467199260342735        0.0                                 0
196         23.827438764450765        0.0                                 0
197         23.827438764450765        0.0                                 0
198         23.78190447345891        0.0                                 0
199         23.69677120294345        0.0                                 0
200         23.69677120294345        0.0                                 0
201         25.23392601765911        0.0                                 0
202         25.18059768264709        0.0                                 0
203         23.875841383720296        0.0                                 0
204         23.875841383720296        0.0                                 0
205         24.12098007181625        0.0                                 0
206         24.157126845663203        0.0                                 0
207         24.100711863048456        0.0                                 0
208         24.100711863048456        0.0                                 0
209         24.617157297095105        0.0                                 0
210         24.610411924355827        0.0                                 0
211         22.008022887225874        0.0                                 0
212         22.008022887225874        0.0                                 0
213         23.42120654701951        0.0                                 0
214         23.42120654701951        0.0                                 0
215         23.548004138273903        0.0                                 0
216         23.696132603410195        0.0                                 0
217         25.13029433370792        0.0                                 0
218         25.152098698629697        0.0                                 0
219         26.090290101662855        0.0                                 0
220         26.083624895346613        0.0                                 0
221         26.083624895346613        0.0                                 0
222         26.535404428348293        0.0                                 0
223         25.501601149251762        0.0                                 0
224         25.49316193291137        0.0                                 0
225         25.158331018283867        0.0                                 0
226         25.158331018283867        0.0                                 0
227         25.186227222754837        0.0                                 0
228         25.463790539607064        0.0                                 0
229         26.98187161406492        0.0                                 0
230         29.590671509062197        0.0                                 0
231         31.112767649306562        0.0                                 0
232         30.089238848067655        0.0                                 0
233         30.08916501366845        0.0                                 0
234         28.04661717391725        0.0                                 0
235         28.04661717391725        0.0                                 0
236         28.359332337562694        0.0                                 0
237         28.359332337562694        0.0                                 0
238         27.620990213906673        0.0                                 0
239         26.417379216784653        0.0                                 0
240         26.417379216784653        0.0                                 0
241         25.59661372703437        0.0                                 0
242         25.59661372703437        0.0                                 0
243         25.596942044071692        0.0                                 0
244         25.76270464779785        0.0                                 0
245         25.786671883530534        0.0                                 0
246         25.350468233031233        0.0                                 0
247         25.350468233031233        0.0                                 0
248         25.508815775296995        0.0                                 0
249         25.102250940115592        0.0                                 0
250         25.102250940115592        0.0                                 0
251         25.442442008225225        0.0                                 0
252         26.864776119077593        0.0                                 0
253         26.864776119077593        0.0                                 0
254         29.769158981880278        0.0                                 0
255         29.784143959919813        0.0                                 0
256         31.634846344782172        0.0                                 0
257         31.760268087891923        0.0                                 0
258         32.085192552320386        0.0                                 0
259         32.01730250786408        0.0                                 0
260         32.01730250786408        0.0                                 0
261         32.076611960046165        0.0                                 0
262         32.090466044502136        0.0                                 0
263         32.33412627055997        0.0                                 0
264         32.33412627055997        0.0                                 0
265         32.041024333299276        0.0                                 0
266         31.917879088586        0.0                                 0
267         31.87815008193621        0.0                                 0
268         31.54661062870348        0.0                                 0
269         30.658307375645325        0.0                                 0
270         29.22972945097951        0.0                                 0
271         29.22972945097951        0.0                                 0
272         29.715564887861756        0.0                                 0
273         29.73932937407668        0.0                                 0
274         29.890986218140384        0.0                                 0
275         33.42847042354202        0.0                                 0
276         35.216902241334346        0.0                                 0
277         37.11354647513643        0.0                                 0
278         37.09565792265379        0.0                                 0
279         35.890032275645126        0.0                                 0
280         35.890032275645126        0.0                                 0
281         35.252342549520534        0.0                                 0
282         35.252342549520534        0.0                                 0
283         35.46612285478014        0.0                                 0
284         35.44052169098406        0.0                                 0
285         35.44052169098406        0.0                                 0
286         35.443945978004045        0.0                                 0
287         35.988949739042006        0.0                                 0
288         36.34071090779878        0.0                                 0
289         36.343693293697925        0.0                                 0
290         36.19195006038749        0.0                                 0
291         34.39216416133996        0.0                                 0
292         31.543007402807955        0.0                                 0
293         31.518531737795907        0.0                                 0
294         31.518531737795907        0.0                                 0
295         29.803392729274538        0.0                                 0
296         27.582570147632904        0.0                                 0
297         23.609276488083765        0.0                                 0
298         21.658320194717614        0.0                                 0
299         21.54658376308881        0.0                                 0
300         21.54658376308881        0.0                                 0
301         21.791421192525398        0.0                                 0
302         23.115426093694463        0.0                                 0
303         22.456704846588963        0.0                                 0
304         22.456704846588963        0.0                                 0
305         24.884370877729665        0.0                                 0
306         24.417326372364577        0.0                                 0
307         23.791844931158316        0.0                                 0
308         23.78763920039186        0.0                                 0
309         23.78479747093766        0.0                                 0
310         23.78479747093766        0.0                                 0
311         23.961895921181842        0.0                                 0
312         23.961895921181842        0.0                                 0
313         24.208646630750227        0.0                                 0
314         24.251683519281766        0.0                                 0
315         25.02299029301023        0.0                                 0
316         25.02299029301023        0.0                                 0
317         26.041105923057753        0.0                                 0
318         26.163168720828722        0.0                                 0
319         26.552067600759536        0.0                                 0
320         26.523784624417278        0.0                                 0
321         26.523784624417278        0.0                                 0
322         26.55133358470941        0.0                                 0
323         28.73456247552803        0.0                                 0
324         28.73456247552803        0.0                                 0
325         28.737129547604926        0.0                                 0
326         28.759425736711364        0.0                                 0
327         29.369219418407482        0.0                                 0
328         29.369219418407482        0.0                                 0
329         30.613980320175052        0.0                                 0
330         30.40047261634626        0.0                                 0
331         30.40047261634626        0.0                                 0
332         30.145205404847793        0.0                                 0
333         30.145205404847793        0.0                                 0
334         31.916472757893807        0.0                                 0
335         31.96992044427807        0.0                                 0
336         31.96992044427807        0.0                                 0
337         32.16102331759824        0.0                                 0
338         32.19004053368163        0.0                                 0
339         32.19004053368163        0.0                                 0
340         32.09379525835786        0.0                                 0
341         31.95336374621927        0.0                                 0
342         31.953119983856933        0.0                                 0
343         31.37775780266649        0.0                                 0
344         31.37649207229543        0.0                                 0
345         29.35128924252208        0.0                                 0
346         29.28468679838515        0.0                                 0
347         29.23642856371483        0.0                                 0
348         29.23642856371483        0.0                                 0
349         31.254571994846483        0.0                                 0
350         30.066635545839826        0.0                                 0
351         30.066635545839826        0.0                                 0
352         28.818507322491328        0.0                                 0
353         27.200818931892634        0.0                                 0
354         27.200818931892634        0.0                                 0
355         27.261512528161283        0.0                                 0
356         27.73386895804034        0.0                                 0
357         27.73386895804034        0.0                                 0
358         29.235247656128145        0.0                                 0
359         29.23871588347383        0.0                                 0
360         29.591155605085255        0.0                                 0
361         29.591155605085255        0.0                                 0
362         29.467732350307298        0.0                                 0
363         29.467732350307298        0.0                                 0
364         31.1118154065396        0.0                                 0
365         32.001312269432        0.0                                 0
366         29.38165533862477        0.0                                 0
367         29.38165533862477        0.0                                 0
368         28.14195874737539        0.0                                 0
369         28.14195874737539        0.0                                 0
370         28.195296905817994        0.0                                 0
371         28.271865299545826        0.0                                 0
372         28.612114504636335        0.0                                 0
373         30.69745964830081        0.0                                 0
374         30.72041929026524        0.0                                 0
375         30.862176000469937        0.0                                 0
376         34.43263920301878        0.0                                 0
377         34.19659913678782        0.0                                 0
378         34.10093177182688        0.0                                 0
379         33.92857776753982        0.0                                 0
380         33.92857776753982        0.0                                 0
381         34.37393693859872        0.0                                 0
382         34.34273296970458        0.0                                 0
383         31.25042037970542        0.0                                 0
384         31.25042037970542        0.0                                 0
385         32.742739015856934        0.0                                 0
386         32.750221879559405        0.0                                 0
387         32.750221879559405        0.0                                 0
388         33.11920508873389        0.0                                 0
389         33.97060966145557        0.0                                 0
390         33.44634460870864        0.0                                 0
391         33.44634460870864        0.0                                 0
392         34.318945609597414        0.0                                 0
393         34.338754851835084        0.0                                 0
394         34.342511778508126        0.0                                 0
395         34.1407071156738        0.0                                 0
396         34.1407071156738        0.0                                 0
397         33.8981903855634        0.0                                 0
398         33.788488569786054        0.0                                 0
399         33.788488569786054        0.0                                 0
400         36.6912157652051        0.0                                 0
401         33.73332637052009        0.0                                 0
402         33.73332637052009        0.0                                 0
403         33.32111463113685        0.0                                 0
404         33.32111463113685        0.0                                 0
405         33.33176055155149        0.0                                 0
406         33.74402234717161        0.0                                 0
407         33.695477677820236        0.0                                 0
408         33.695477677820236        0.0                                 0
409         33.85751779516948        0.0                                 0
410         34.55135186616508        0.0                                 0
411         32.944912175945824        0.0                                 0
412         32.944912175945824        0.0                                 0
413         32.23980615092362        0.0                                 0
414         30.982442002747        0.0                                 0
415         30.833251199154738        0.0                                 0
416         30.833251199154738        0.0                                 0
417         30.372595578349085        0.0                                 0
418         30.372595578349085        0.0                                 0
419         30.864351810105834        0.0                                 0
420         30.65055354210358        0.0                                 0
421         30.65055354210358        0.0                                 0
422         31.696878394384157        0.0                                 0
423         31.73305138562984        0.0                                 0
424         31.51905807558724        0.0                                 0
425         31.51905807558724        0.0                                 0
426         31.120567851256588        0.0                                 0
427         30.910560375910972        0.0                                 0
428         30.910560375910972        0.0                                 0
429         29.573725091602533        0.0                                 0
430         29.573725091602533        0.0                                 0
431         29.50199963295044        0.0                                 0
432         28.101757163834968        0.0                                 0
433         28.101757163834968        0.0                                 0
434         28.112990183588536        0.0                                 0
435         31.857825660212445        0.0                                 0
436         34.06916391979319        0.0                                 0
437         33.02055061021008        0.0                                 0
438         32.326165402957564        0.0                                 0
439         31.895525647959275        0.0                                 0
440         31.848737312055437        0.0                                 0
441         31.848737312055437        0.0                                 0
442         31.985478717394397        0.0                                 0
443         32.328787964828564        0.0                                 0
444         32.09692299265753        0.0                                 0
445         30.649445945254268        0.0                                 0
446         30.649445945254268        0.0                                 0
447         30.23364343259419        0.0                                 0
448         28.73417759913442        0.0                                 0
449         28.706927309494823        0.0                                 0
450         28.706927309494823        0.0                                 0
451         28.709504268085787        0.0                                 0
452         28.718896607614912        0.0                                 0
453         28.936982337339064        0.0                                 0
454         28.88666322728871        0.0                                 0
455         28.886595822311612        0.0                                 0
456         27.265351992615848        0.0                                 0
457         27.087157502833577        0.0                                 0
458         27.087157502833577        0.0                                 0
459         26.976310961606877        0.0                                 0
460         26.352957466372768        0.0                                 0
461         26.352957466372768        0.0                                 0
462         28.014180057771387        0.0                                 0
463         27.862366873714205        0.0                                 0
464         27.862366873714205        0.0                                 0
465         28.69417510319602        0.0                                 0
466         28.081713605502227        0.0                                 0
467         26.97182963404196        0.0                                 0
468         26.531007845406638        0.0                                 0
469         26.25064730599409        0.0                                 0
470         26.153317458514373        0.0                                 0
471         26.153317458514373        0.0                                 0
472         27.02537579109688        0.0                                 0
473         26.91372390886436        0.0                                 0
474         26.443176064355377        0.0                                 0
475         22.64391846704331        0.0                                 0
476         22.64391846704331        0.0                                 0
477         22.754641546828307        0.0                                 0
478         22.692227275207898        0.0                                 0
479         22.692227275207898        0.0                                 0
480         21.822571813686107        0.0                                 0
481         21.52951659946607        0.0                                 0
482         21.52951659946607        0.0                                 0
483         23.155623060359034        0.0                                 0
484         26.118484153455196        0.0                                 0
485         26.187211477068647        0.0                                 0
486         26.46783109225687        0.0                                 0
487         26.46783109225687        0.0                                 0
488         26.684355163516134        0.0                                 0
489         26.311498361095992        0.0                                 0
490         26.311498361095992        0.0                                 0
491         26.342127099395373        0.0                                 0
492         26.342127099395373        0.0                                 0
493         26.419575320520067        0.0                                 0
494         26.255033866494667        0.0                                 0
495         26.255033866494667        0.0                                 0
496         26.265610565690437        0.0                                 0
497         24.348287926971956        0.0                                 0
498         24.348287926971956        0.0                                 0
499         24.35435966117166        0.0                                 0
500         24.359000146051542        0.0                                 0
501         26.60674525038357        0.0                                 0
502         26.603545343613334        0.0                                 0
503         26.603545343613334        0.0                                 0
504         27.107263617970904        0.0                                 0
505         27.107263617970904        0.0                                 0
506         27.693329310218818        0.0                                 0
507         27.286987410581197        0.0                                 0
508         27.286987410581197        0.0                                 0
509         27.402567349698543        0.0                                 0
510         27.407023459544504        0.0                                 0
511         30.167773222196367        0.0                                 0
512         30.167773222196367        0.0                                 0
513         30.034304265879143        0.0                                 0
514         30.034304265879143        0.0                                 0
515         30.03440329699911        0.0                                 0
516         30.045676075536708        0.0                                 0
517         30.763245303919284        0.0                                 0
518         30.763245303919284        0.0                                 0
519         31.155418123766967        0.0                                 0
520         31.155418123766967        0.0                                 0
521         30.765680225007625        0.0                                 0
522         29.437159422048897        0.0                                 0
523         29.437159422048897        0.0                                 0
524         29.526638187361858        0.0                                 0
525         34.43579396081476        0.0                                 0
526         34.43834682314361        0.0                                 0
527         32.339783195327506        0.0                                 0
528         32.14806296855829        0.0                                 0
529         31.91319780328641        0.0                                 0
530         31.91319780328641        0.0                                 0
531         33.23894768706994        0.0                                 0
532         36.037214544562744        0.0                                 0
533         36.037214544562744        0.0                                 0
534         38.53992630201057        0.0                                 0
535         40.65671358185206        0.0                                 0
536         40.65671358185206        0.0                                 0
537         42.1100185345863        0.0                                 0
538         42.1100185345863        0.0                                 0
539         43.4442413039482        0.0                                 0
540         44.51123859269431        0.0                                 0
541         44.51123859269431        0.0                                 0
542         43.46123378954701        0.0                                 0
543         43.18239062203976        0.0                                 0
544         43.18239062203976        0.0                                 0
545         43.407443012265745        0.0                                 0
546         43.419022871339116        0.0                                 0
547         43.419022871339116        0.0                                 0
548         43.27699476905111        0.0                                 0
549         43.27699476905111        0.0                                 0
550         43.26397918802369        0.0                                 0
551         42.3386303791828        0.0                                 0
552         41.464116846928434        0.0                                 0
553         41.170290405913775        0.0                                 0
554         41.12282356377873        0.0                                 0
555         41.08004693230312        0.0                                 0
556         40.79314729399089        0.0                                 0
557         40.7732977236564        0.0                                 0
558         38.3895174401445        0.0                                 0
559         38.3895174401445        0.0                                 0
560         38.57158533083968        0.0                                 0
561         39.50828827301982        0.0                                 0
562         39.89817565928364        0.0                                 0
563         39.40022424006457        0.0                                 0
564         39.352320101819025        0.0                                 0
565         39.352320101819025        0.0                                 0
566         39.492794906009735        0.0                                 0
567         39.151051998243524        0.0                                 0
568         39.151051998243524        0.0                                 0
569         39.29661638996136        0.0                                 0
570         39.170508422822266        0.0                                 0
571         36.76462345961987        0.0                                 0
572         36.762156194145795        0.0                                 0
573         35.419356979174495        0.0                                 0
574         35.419356979174495        0.0                                 0
575         35.536437354675584        0.0                                 0
576         35.66933733675711        0.0                                 0
577         36.8557740862448        0.0                                 0
578         38.102279447578674        0.0                                 0
579         38.101518532015746        0.0                                 0
580         38.101518532015746        0.0                                 0
581         37.71761335258176        0.0                                 0
582         34.47633240997535        0.0                                 0
583         34.47633240997535        0.0                                 0
584         34.66982377946593        0.0                                 0
585         35.379989216938        0.0                                 0
586         35.19164451522576        0.0                                 0
587         34.057271054835056        0.0                                 0
588         34.053533446217045        0.0                                 0
589         34.053533446217045        0.0                                 0
590         34.20373466738806        0.0                                 0
591         34.20373466738806        0.0                                 0
592         34.3387078908955        0.0                                 0
593         34.60975574784171        0.0                                 0
594         36.006205326886516        0.0                                 0
595         36.67816301247984        0.0                                 0
596         40.741620598210815        0.0                                 0
597         40.55260794928284        0.0                                 0
598         40.55260794928284        0.0                                 0
599         42.17684003763041        0.0                                 0
600         42.181394700065475        0.0                                 0
601         38.98129575396152        0.0                                 0
602         38.52001767904256        0.0                                 0
603         38.52001767904256        0.0                                 0
604         38.72412167558163        0.0                                 0
605         41.28184562999237        0.0                                 0
606         41.35566265992005        0.0                                 0
607         41.35277379952935        0.0                                 0
608         40.936281400892135        0.0                                 0
609         40.936281400892135        0.0                                 0
610         40.936594746102706        0.0                                 0
611         42.65544478477039        0.0                                 0
612         44.01357459795349        0.0                                 0
613         44.44779318472189        0.0                                 0
614         44.44779318472189        0.0                                 0
615         44.45543641059323        0.0                                 0
616         43.69417007709768        0.0                                 0
617         43.69417007709768        0.0                                 0
618         43.88764220134377        0.0                                 0
619         43.859936534215116        0.0                                 0
620         41.94240620406062        0.0                                 0
621         41.92967675265298        0.0                                 0
622         40.57690807604439        0.0                                 0
623         37.62817469600973        0.0                                 0
624         37.62817469600973        0.0                                 0
625         37.63764389665806        0.0                                 0
626         36.53070886517822        0.0                                 0
627         36.472761236565944        0.0                                 0
628         36.472761236565944        0.0                                 0
629         36.4790287770411        0.0                                 0
630         36.484077666951706        0.0                                 0
631         37.017272281267275        0.0                                 0
632         36.81891728934212        0.0                                 0
633         36.81891728934212        0.0                                 0
634         37.67324713815882        0.0                                 0
635         37.855720168868125        0.0                                 0
636         37.86175142964845        0.0                                 0
637         38.27653032000729        0.0                                 0
638         35.280520559587664        0.0                                 0
639         35.280520559587664        0.0                                 0
640         33.19517885565379        0.0                                 0
641         33.19517885565379        0.0                                 0
642         33.21202979930727        0.0                                 0
643         32.83750368019703        0.0                                 0
644         32.636148285818194        0.0                                 0
645         32.636148285818194        0.0                                 0
646         32.69420640062894        0.0                                 0
647         32.630349268236856        0.0                                 0
648         32.03902629531514        0.0                                 0
649         29.743050671738217        0.0                                 0
650         29.743050671738217        0.0                                 0
651         32.0037743837048        0.0                                 0
652         32.003784670031116        0.0                                 0
653         32.01891552990895        0.0                                 0
654         32.01891552990895        0.0                                 0
655         33.1374697202581        0.0                                 0
656         33.1374697202581        0.0                                 0
657         33.16470194649827        0.0                                 0
658         32.439039131950196        0.0                                 0
659         32.391017943630686        0.0                                 0
660         30.959352006129677        0.0                                 0
661         30.959352006129677        0.0                                 0
662         31.103812354015307        0.0                                 0
663         30.206663926174343        0.0                                 0
664         30.206663926174343        0.0                                 0
665         30.34811322151535        0.0                                 0
666         30.208483205977572        0.0                                 0
667         30.194753258781855        0.0                                 0
668         29.348265040409707        0.0                                 0
669         29.348265040409707        0.0                                 0
670         30.820166908960115        0.0                                 0
671         30.910737697045914        0.0                                 0
672         29.5379283316918        0.0                                 0
673         29.5379283316918        0.0                                 0
674         31.203167668685797        0.0                                 0
675         29.832823367910517        0.0                                 0
676         29.177633309554892        0.0                                 0
677         29.177633309554892        0.0                                 0
678         29.146884350506188        0.0                                 0
679         29.146884350506188        0.0                                 0
680         30.195780010784087        0.0                                 0
681         30.195780010784087        0.0                                 0
682         30.723511035488837        0.0                                 0
683         29.85645682271403        0.0                                 0
684         29.85645682271403        0.0                                 0
685         29.982760184368768        0.0                                 0
686         29.982760184368768        0.0                                 0
687         28.347448934916237        0.0                                 0
688         28.347023421699713        0.0                                 0
689         28.347023421699713        0.0                                 0
690         27.496443421036574        0.0                                 0
691         27.496443421036574        0.0                                 0
692         29.604874828233292        0.0                                 0
693         29.68688930152595        0.0                                 0
694         29.68688930152595        0.0                                 0
695         30.556405831946677        0.0                                 0
696         30.556405831946677        0.0                                 0
697         31.071373618816683        0.0                                 0
698         31.07184790512343        0.0                                 0
699         31.116682957849694        0.0                                 0
700         30.860019182467397        0.0                                 0
701         30.855072878142913        0.0                                 0
702         30.846811250643942        0.0                                 0
703         30.22487689444449        0.0                                 0
704         27.770475295256322        0.0                                 0
705         27.38935321610075        0.0                                 0
706         26.98587161793896        0.0                                 0
707         26.98587161793896        0.0                                 0
708         27.11681714159875        0.0                                 0
709         27.000709193702853        0.0                                 0
710         26.840769090143308        0.0                                 0
711         25.600464040188157        0.0                                 0
712         25.51705736628639        0.0                                 0
713         25.510501512384472        0.0                                 0
714         25.510501512384472        0.0                                 0
715         25.56595029172408        0.0                                 0
716         25.688688548112648        0.0                                 0
717         25.693998554508653        0.0                                 0
718         28.54355271336488        0.0                                 0
719         28.076382916517463        0.0                                 0
720         28.076382916517463        0.0                                 0
721         28.427317841143434        0.0                                 0
722         30.013858817126348        0.0                                 0
723         30.757131842560486        0.0                                 0
724         30.707229701090576        0.0                                 0
725         28.44719968000495        0.0                                 0
726         28.44719968000495        0.0                                 0
727         28.295003473630928        0.0                                 0
728         28.295003473630928        0.0                                 0
729         28.30054903479957        0.0                                 0
730         27.70732031600762        0.0                                 0
731         27.70732031600762        0.0                                 0
732         26.019578747048424        0.0                                 0
733         26.018676037814203        0.0                                 0
734         25.364347009926576        0.0                                 0
735         25.364347009926576        0.0                                 0
736         25.351593289854517        0.0                                 0
737         25.351593289854517        0.0                                 0
738         25.723797529020203        0.0                                 0
739         27.44668249279021        0.0                                 0
740         27.439487856076767        0.0                                 0
741         27.439487856076767        0.0                                 0
742         28.653691359056893        0.0                                 0
743         28.653691359056893        0.0                                 0
744         30.692248471549334        0.0                                 0
745         30.692245832991162        0.0                                 0
746         27.876485937340767        0.0                                 0
747         26.604872160959125        0.0                                 0
748         26.593346838339098        0.0                                 0
749         25.85318916829622        0.0                                 0
750         25.82891877917478        0.0                                 0
751         25.817438932526613        0.0                                 0
752         25.777238995601213        0.0                                 0
753         24.481248475803365        0.0                                 0
754         24.46220860982876        0.0                                 0
755         24.46220860982876        0.0                                 0
756         24.894337452748765        0.0                                 0
757         25.078865566666945        0.0                                 0
758         25.034711159776702        0.0                                 0
759         25.034711159776702        0.0                                 0
760         24.41682993709279        0.0                                 0
761         24.41682993709279        0.0                                 0
762         25.263025911270002        0.0                                 0
763         25.020218427246586        0.0                                 0
764         24.9046334032322        0.0                                 0
765         24.9046334032322        0.0                                 0
766         22.631744144330888        0.0                                 0
767         20.289038175683103        0.0                                 0
768         20.116035885702985        0.0                                 0
769         20.116035885702985        0.0                                 0
770         20.161100654379545        0.0                                 0
771         21.37507423712335        0.0                                 0
772         23.13913824841604        0.0                                 0
773         24.644595619570023        0.0                                 0
774         24.568469391366893        0.0                                 0
775         24.568207463450857        0.0                                 0
776         24.568207463450857        0.0                                 0
777         24.763849712277253        0.0                                 0
778         25.923860892884534        0.0                                 0
779         26.005146915163632        0.0                                 0
780         26.015028313537446        0.0                                 0
781         26.015028313537446        0.0                                 0
782         26.006304576702444        0.0                                 0
783         26.006304576702444        0.0                                 0
784         26.301709885023214        0.0                                 0
785         24.655030147541453        0.0                                 0
786         24.655030147541453        0.0                                 0
787         25.455043702232725        0.0                                 0
788         24.02990500077984        0.0                                 0
789         24.02990500077984        0.0                                 0
790         24.928720631281323        0.0                                 0
791         24.928720631281323        0.0                                 0
792         24.77166342378958        0.0                                 0
793         24.75485413128915        0.0                                 0
794         24.75485413128915        0.0                                 0
795         24.765798495788133        0.0                                 0
796         26.447037591540536        0.0                                 0
797         26.56836416891575        0.0                                 0
798         26.56836416891575        0.0                                 0
799         26.994293041064775        0.0                                 0
800         27.051862876708263        0.0                                 0
801         27.468716571298515        0.0                                 0
802         29.366082226375223        0.0                                 0
803         29.38268293142322        0.0                                 0
804         29.741741047330898        0.0                                 0
805         29.743167561885436        0.0                                 0
806         32.30720431492639        0.0                                 0
807         37.73375797303847        0.0                                 0
808         37.7771599352973        0.0                                 0
809         37.7771599352973        0.0                                 0
810         38.03084831488812        0.0                                 0
811         38.03084831488812        0.0                                 0
812         39.26328191382604        0.0                                 0
813         39.26328191382604        0.0                                 0
814         41.254364859932714        0.0                                 0
815         42.228783297706705        0.0                                 0
816         43.52873827102318        0.0                                 0
817         43.52873827102318        0.0                                 0
818         43.838811291628836        0.0                                 0
819         43.777825659049476        0.0                                 0
820         43.636457273510985        0.0                                 0
821         42.541103926386896        0.0                                 0
822         39.52658954768332        0.0                                 0
823         39.52658954768332        0.0                                 0
824         37.834268837858666        0.0                                 0
825         37.834268837858666        0.0                                 0
826         38.33360325323864        0.0                                 0
827         37.07485674274192        0.0                                 0
828         36.21388560698087        0.0                                 0
829         36.21388560698087        0.0                                 0
830         36.305023275970385        0.0                                 0
831         36.305023275970385        0.0                                 0
832         36.57805776508436        0.0                                 0
833         39.20586059026007        0.0                                 0
834         38.599943023712065        0.0                                 0
835         37.93778140310761        0.0                                 0
836         34.37453644837893        0.0                                 0
837         34.37453644837893        0.0                                 0
838         37.16278090583842        0.0                                 0
839         37.42881086376342        0.0                                 0
840         37.42881086376342        0.0                                 0
841         36.62704372219601        0.0                                 0
842         36.62704372219601        0.0                                 0
843         37.563530520342454        0.0                                 0
844         37.6059631351146        0.0                                 0
845         38.40324729201763        0.0                                 0
846         38.40324729201763        0.0                                 0
847         35.37481849431049        0.0                                 0
848         35.37481849431049        0.0                                 0
849         34.64345536122278        0.0                                 0
850         34.61334158069528        0.0                                 0
851         34.61334158069528        0.0                                 0
852         34.73038918404164        0.0                                 0
853         34.7320317385427        0.0                                 0
854         34.94101750233994        0.0                                 0
855         34.94038258888292        0.0                                 0
856         34.94038258888292        0.0                                 0
857         35.15079183264597        0.0                                 0
858         37.81571914317752        0.0                                 0
859         37.81571914317752        0.0                                 0
860         37.79477534483119        0.0                                 0
861         37.77069694961988        0.0                                 0
862         37.77069694961988        0.0                                 0
863         37.42869644377407        0.0                                 0
864         35.25206909788935        0.0                                 0
865         33.45346324450542        0.0                                 0
866         33.45346324450542        0.0                                 0
867         35.060534033966704        0.0                                 0
868         36.56183285349783        0.0                                 0
869         36.67010453105215        0.0                                 0
870         35.69883324536968        0.0                                 0
871         35.69883324536968        0.0                                 0
872         35.69894499740439        0.0                                 0
873         35.97784328656053        0.0                                 0
874         35.959813137105144        0.0                                 0
875         35.582752723344164        0.0                                 0
876         35.582752723344164        0.0                                 0
877         37.5984109357956        0.0                                 0
878         37.66904820272597        0.0                                 0
879         37.66904820272597        0.0                                 0
880         37.67309253389087        0.0                                 0
881         37.50826442367415        0.0                                 0
882         36.018082466642376        0.0                                 0
883         36.018082466642376        0.0                                 0
884         36.04612093340292        0.0                                 0
885         35.000363060458        0.0                                 0
886         35.00006731147559        0.0                                 0
887         35.00006731147559        0.0                                 0
888         36.28425662381512        0.0                                 0
889         35.4809176334785        0.0                                 0
890         35.43618516604459        0.0                                 0
891         35.426445524085516        0.0                                 0
892         35.426445524085516        0.0                                 0
893         36.08178561222413        0.0                                 0
894         35.545145883591864        0.0                                 0
895         35.545145883591864        0.0                                 0
896         33.85226560316984        0.0                                 0
897         33.72191943010133        0.0                                 0
898         33.72191943010133        0.0                                 0
899         34.92933097028176        0.0                                 0
900         35.10541603088897        0.0                                 0
901         35.62298249830044        0.0                                 0
902         37.139470461301805        0.0                                 0
903         36.99939626802316        0.0                                 0
904         36.36383012751685        0.0                                 0
905         35.0271554310419        0.0                                 0
906         34.8165449429628        0.0                                 0
907         34.8165449429628        0.0                                 0
908         32.37851199206309        0.0                                 0
909         31.561510998619504        0.0                                 0
910         30.945510397397193        0.0                                 0
911         30.945510397397193        0.0                                 0
912         30.91014628517982        0.0                                 0
913         30.695163536674485        0.0                                 0
914         30.260970074720795        0.0                                 0
915         29.038033972593844        0.0                                 0
916         28.73354899841037        0.0                                 0
917         28.379055649055815        0.0                                 0
918         28.379055649055815        0.0                                 0
919         28.464257912955485        0.0                                 0
920         28.465541182384303        0.0                                 0
921         29.14025118108151        0.0                                 0
922         27.707418157718504        0.0                                 0
923         25.600370080533573        0.0                                 0
924         25.343016006512556        0.0                                 0
925         25.343016006512556        0.0                                 0
926         25.41469556564568        0.0                                 0
927         27.402953708199068        0.0                                 0
928         27.402953708199068        0.0                                 0
929         26.786388313468056        0.0                                 0
930         26.786388313468056        0.0                                 0
931         26.79171673874127        0.0                                 0
932         26.91838618787658        0.0                                 0
933         26.91838618787658        0.0                                 0
934         28.61818001528361        0.0                                 0
935         28.61818001528361        0.0                                 0
936         28.562684990103392        0.0                                 0
937         28.562684990103392        0.0                                 0
938         28.57518056029128        0.0                                 0
939         29.93660879560355        0.0                                 0
940         31.06996699329958        0.0                                 0
941         32.04694830316378        0.0                                 0
942         33.0184048340269        0.0                                 0
943         33.020068277381135        0.0                                 0
944         33.029908883450204        0.0                                 0
945         33.029908883450204        0.0                                 0
946         33.365559177663684        0.0                                 0
947         32.21010876153422        0.0                                 0
948         32.21010876153422        0.0                                 0
949         32.68038688425839        0.0                                 0
950         32.68038688425839        0.0                                 0
951         33.47650842472222        0.0                                 0
952         36.262921365107104        0.0                                 0
953         35.961227038017164        0.0                                 0
954         33.21091076874737        0.0                                 0
955         32.95284571001003        0.0                                 0
956         32.95284571001003        0.0                                 0
957         32.776649322023204        0.0                                 0
958         32.6218889962437        0.0                                 0
959         29.886248824365563        0.0                                 0
960         29.886248824365563        0.0                                 0
961         29.89948343195578        0.0                                 0
962         29.950909666809043        0.0                                 0
963         26.9625233443296        0.0                                 0
964         26.9625233443296        0.0                                 0
965         27.096906106666893        0.0                                 0
966         27.053356742915952        0.0                                 0
967         27.053356742915952        0.0                                 0
968         26.840182295219673        0.0                                 0
969         25.461726482471754        0.0                                 0
970         25.461726482471754        0.0                                 0
971         25.5192029804903        0.0                                 0
972         25.83809188993782        0.0                                 0
973         25.83809188993782        0.0                                 0
974         25.76814034658801        0.0                                 0
975         25.76814034658801        0.0                                 0
976         25.384663926802514        0.0                                 0
977         24.321722158394362        0.0                                 0
978         24.321722158394362        0.0                                 0
979         24.411764205541434        0.0                                 0
980         24.411764205541434        0.0                                 0
981         24.425610406646364        0.0                                 0
982         24.754735510780367        0.0                                 0
983         25.147858800703283        0.0                                 0
984         23.76389508131141        0.0                                 0
985         23.76389508131141        0.0                                 0
986         24.903910918989222        0.0                                 0
987         24.903910918989222        0.0                                 0
988         24.559859763634876        0.0                                 0
989         24.559859763634876        0.0                                 0
990         26.051265086737015        0.0                                 0
991         26.051265086737015        0.0                                 0
992         29.61279191110938        0.0                                 0
993         28.80759460424529        0.0                                 0
994         28.568475926889334        0.0                                 0
995         28.568475926889334        0.0                                 0
996         28.921941137708117        0.0                                 0
997         28.921941137708117        0.0                                 0
998         28.9883228806632        0.0                                 0
999         28.9883228806632        0.0                                 0
// Funcion: sphere Enfriamiento: lineal Semilla: 1736648373