iteracion  mejor_solucion    distancia_euclidiana                 distancia_hamming
0         242.24326517348229        0.0                                 0
1         228.32456049330148        0.0                                 0
2         228.32456049330148        0.0                                 0
3         241.6793395981391        2.23606797749979                                 5
4         241.67868952657508        0.0                                 0
5         241.67868952657508        0.0                                 0
6         241.6894316654723        0.0                                 0
7         252.14352569529925        0.0                                 0
8         252.14352569529925        0.0                                 0
9         252.1449161557064        0.0                                 0
10         248.86309080823892        0.0                                 0
11         248.8395090944501        0.0                                 0
12         248.8395090944501        0.0                                 0
13         248.02235796489362        0.0                                 0
14         248.02235796489362        0.0                                 0
15         249.48770156514075        0.0                                 0
16         249.48770156514075        0.0                                 0
17         253.92836551951058        0.0                                 0
18         253.92836551951058        0.0                                 0
19         265.56086529558195        0.0                                 0
20         265.56086529558195        0.0                                 0
21         289.4811896657087        0.0                                 0
22         291.31639007109777        0.0                                 0
23         291.32225443540426        0.0                                 0
24         305.7311510187469        0.0                                 0
25         305.7540156524841        0.0                                 0
26         291.0616074950415        0.0                                 0
27         291.0616074950415        0.0                                 0
28         292.7379757117898        0.0                                 0
29         302.428652636141        0.0                                 0
30         302.8901766958474        0.0                                 0
31         314.1926310394046        0.0                                 0
32         314.36830203563574        0.0                                 0
33         323.97241748199525        0.0                                 0
34         323.97241748199525        0.0                                 0
35         318.7533099167491        0.0                                 0
36         318.7533099167491        0.0                                 0
37         336.11261524493233        0.0                                 0
38         337.91069685520296        0.0                                 0
39         337.91069685520296        0.0                                 0
40         339.75982112987924        0.0                                 0
41         341.0046124888182        0.0                                 0
42         340.4823629090562        0.0                                 0
43         340.4823629090562        2.23606797749979                                 5
44         330.2452097007323        0.0                                 0
45         325.4559251912185        0.0                                 0
46         325.4559251912185        0.0                                 0
47         326.2755206683381        0.0                                 0
48         326.2755206683381        0.0                                 0
49         326.5282010248115        0.0                                 0
50         332.05668788038093        0.0                                 0
51         330.78443169793263        0.0                                 0
52         329.8894582830521        0.0                                 0
53         329.8894582830521        0.0                                 0
54         325.06970755791457        0.0                                 0
55         325.06970755791457        0.0                                 0
56         350.50994364463844        0.0                                 0
57         350.9368031007596        0.0                                 0
58         338.1235630106524        0.0                                 0
59         324.9520291437946        0.0                                 0
60         312.8732156445627        0.0                                 0
61         312.8732156445627        0.0                                 0
62         327.3018001137379        0.0                                 0
63         318.72509631245435        0.0                                 0
64         318.72509631245435        0.0                                 0
65         310.38146796184645        0.0                                 0
66         310.38146796184645        0.0                                 0
67         312.05495011690266        0.0                                 0
68         312.05495011690266        0.0                                 0
69         310.9711003365611        0.0                                 0
70         310.9711003365611        2.23606797749979                                 5
71         310.9711003365611        0.0                                 0
72         312.5517967473905        0.0                                 0
73         310.9394769806558        0.0                                 0
74         286.4685864457669        0.0                                 0
75         274.1651357507197        0.0                                 0
76         274.1651357507197        0.0                                 0
77         275.1589104785814        0.0                                 0
78         275.1589104785814        2.23606797749979                                 5
79         275.1589104785814        2.23606797749979                                 5
80         275.1589104785814        0.0                                 0
81         289.7510182289863        0.0                                 0
82         293.30135207176716        2.23606797749979                                 5
83         291.1388710847249        0.0                                 0
84         291.1388710847249        0.0                                 0
85         287.640025339983        0.0                                 0
86         273.1220213607271        0.0                                 0
87         272.30289969331625        0.0                                 0
88         271.5314598350358        0.0                                 0
89         271.5314598350358        0.0                                 0
90         271.49266384339023        0.0                                 0
91         271.49266384339023        2.23606797749979                                 5
92         271.49266384339023        0.0                                 0
93         281.9051569841809        0.0                                 0
94         290.47037829437005        2.23606797749979                                 5
95         284.9298357856459        0.0                                 0
96         284.9298357856459        0.0                                 0
97         281.83473684012296        0.0                                 0
98         281.60202776783206        0.0                                 0
99         280.0973584599296        0.0                                 0
100         269.8922902733791        0.0                                 0
101         269.68339714375884        0.0                                 0
102         269.68339714375884        0.0                                 0
103         264.2970857142605        0.0                                 0
104         263.7835692054088        0.0                                 0
105         262.4380849621552        0.0                                 0
106         262.4380849621552        0.0                                 0
107         262.4483880778039        0.0                                 0
108         262.5123768745348        0.0                                 0
109         262.5290564594156        0.0                                 0
110         246.46196483698907        0.0                                 0
111         246.46196483698907        0.0                                 0
112         248.3256991401057        0.0                                 0
113         248.3256991401057        0.0                                 0
114         236.28976476279826        0.0                                 0
115         235.0033514329984        0.0                                 0
116         235.0033514329984        2.23606797749979                                 5
117         235.0033514329984        2.23606797749979                                 5
118         235.0033514329984        2.23606797749979                                 5
119         235.0033514329984        2.23606797749979                                 5
120         235.0033514329984        2.23606797749979                                 5
121         235.0033514329984        0.0                                 0
122         234.8626092193999        0.0                                 0
123         234.8626092193999        2.23606797749979                                 5
124         234.8626092193999        2.23606797749979                                 5
125         233.30988669973883        0.0                                 0
126         233.30988669973883        0.0                                 0
127         233.33819640233293        0.0                                 0
128         233.46130904473458        0.0                                 0
129         220.34455159189432        0.0                                 0
130         220.34455159189432        0.0                                 0
131         220.56095495200782        0.0                                 0
132         220.59299163054885        2.23606797749979                                 5
133         202.00217547293994        0.0                                 0
134         202.00217547293994        2.23606797749979                                 5
135         202.00217547293994        1.7320508075688772                                 3
136         202.00217547293994        2.23606797749979                                 5
137         201.80095318407055        0.0                                 0
138         201.80095318407055        2.23606797749979                                 5
139         201.80095318407055        2.23606797749979                                 5
140         201.80095318407055        0.0                                 0
141         203.25931255085334        0.0                                 0
142         202.35226330357347        0.0                                 0
143         202.19895464609914        0.0                                 0
144         202.19895464609914        0.0                                 0
145         202.66114086138487        0.0                                 0
146         203.27955213786134        2.23606797749979                                 5
147         203.27955213786134        2.23606797749979                                 5
148         203.27955213786134        0.0                                 0
149         203.38897343944407        2.23606797749979                                 5
150         203.38897343944407        2.23606797749979                                 5
151         203.38897343944407        2.23606797749979                                 5
152         203.38897343944407        2.23606797749979                                 5
153         202.2993931342493        0.0                                 0
154         201.88980645728495        0.0                                 0
155         196.4267626002225        0.0                                 0
156         196.4267626002225        2.23606797749979                                 5
157         195.0515384448003        0.0                                 0
158         195.04749626096884        0.0                                 0
159         194.94166686984838        0.0                                 0
160         194.94166686984838        2.23606797749979                                 5
161         194.94166686984838        2.23606797749979                                 5
162         194.94166686984838        2.23606797749979                                 5
163         194.94166686984838        2.23606797749979                                 5
164         189.67207118450477        0.0                                 0
165         189.67207118450477        2.23606797749979                                 5
166         188.46325246785412        0.0                                 0
167         188.45881650906992        0.0                                 0
168         188.45881650906992        2.23606797749979                                 5
169         188.45881650906992        0.0                                 0
170         188.46402830469955        2.23606797749979                                 5
171         188.46402830469955        2.23606797749979                                 5
172         170.52694944204146        0.0                                 0
173         170.52694944204146        2.23606797749979                                 5
174         167.916836839471        0.0                                 0
175         156.17178449770316        0.0                                 0
176         156.17178449770316        2.23606797749979                                 5
177         154.91191858384238        0.0                                 0
178         154.91191858384238        2.23606797749979                                 5
179         154.91191858384238        2.23606797749979                                 5
180         154.91191858384238        2.23606797749979                                 5
181         154.8937196145841        0.0                                 0
182         153.89680200289652        0.0                                 0
183         153.43071776624478        0.0                                 0
184         153.43071776624478        2.23606797749979                                 5
185         153.43071776624478        2.23606797749979                                 5
186         153.43071776624478        2.23606797749979                                 5
187         153.43071776624478        0.0                                 0
188         149.4853392518765        0.0                                 0
189         143.0461242622565        0.0                                 0
190         143.0461242622565        2.23606797749979                                 5
191         143.0461242622565        2.23606797749979                                 5
192         143.0461242622565        2.23606797749979                                 5
193         143.0461242622565        2.23606797749979                                 5
194         143.0461242622565        2.23606797749979                                 5
195         143.0461242622565        2.23606797749979                                 5
196         143.0461242622565        2.23606797749979                                 5
197         142.56902116525515        0.0                                 0
198         132.7201852975513        0.0                                 0
199         132.7201852975513        2.23606797749979                                 5
200         128.8781714773527        0.0                                 0
201         128.8781714773527        2.23606797749979                                 5
202         128.8781714773527        1.7320508075688772                                 3
203         125.4922229114739        0.0                                 0
204         125.30735315040766        0.0                                 0
205         125.30735315040766        1.7320508075688772                                 3
206         125.18137453260516        0.0                                 0
207         125.18137453260516        2.23606797749979                                 5
208         125.18137453260516        2.23606797749979                                 5
209         125.18137453260516        2.23606797749979                                 5
210         125.18137453260516        2.23606797749979                                 5
211         125.18137453260516        2.23606797749979                                 5
212         125.18137453260516        2.23606797749979                                 5
213         125.18137453260516        2.23606797749979                                 5
214         125.18137453260516        2.23606797749979                                 5
215         125.18137453260516        2.23606797749979                                 5
216         125.18137453260516        2.23606797749979                                 5
217         125.13499589426189        0.0                                 0
218         125.13499589426189        2.23606797749979                                 5
219         125.13499589426189        2.23606797749979                                 5
220         125.13499589426189        2.23606797749979                                 5
221         125.13499589426189        2.23606797749979                                 5
222         125.13499589426189        2.23606797749979                                 5
223         125.13499589426189        2.23606797749979                                 5
224         125.13499589426189        2.23606797749979                                 5
225         125.13499589426189        2.23606797749979                                 5
226         119.0155450776264        0.0                                 0
227         119.0155450776264        0.0                                 0
228         119.01818082043573        2.23606797749979                                 5
229         119.01818082043573        2.23606797749979                                 5
230         119.01818082043573        2.23606797749979                                 5
231         119.01818082043573        2.23606797749979                                 5
232         119.01818082043573        2.23606797749979                                 5
233         119.01818082043573        2.23606797749979                                 5
234         119.01818082043573        2.23606797749979                                 5
235         119.01818082043573        2.23606797749979                                 5
236         119.01818082043573        2.23606797749979                                 5
237         119.01818082043573        2.23606797749979                                 5
238         119.01818082043573        2.23606797749979                                 5
239         119.01818082043573        2.23606797749979                                 5
240         112.50750393587441        0.0                                 0
241         112.50750393587441        2.23606797749979                                 5
242         112.50750393587441        2.23606797749979                                 5
243         112.50750393587441        2.23606797749979                                 5
244         112.50750393587441        2.23606797749979                                 5
245         112.50750393587441        2.23606797749979                                 5
246         112.50750393587441        2.23606797749979                                 5
247         112.50750393587441        2.23606797749979                                 5
248         112.38227230073645        0.0                                 0
249         110.89429029932757        0.0                                 0
250         110.89429029932757        2.23606797749979                                 5
251         110.89429029932757        2.23606797749979                                 5
252         110.89429029932757        2.23606797749979                                 5
253         110.89429029932757        2.23606797749979                                 5
254         110.89429029932757        2.23606797749979                                 5
255         110.89429029932757        2.23606797749979                                 5
256         110.89429029932757        2.23606797749979                                 5
257         110.89429029932757        2.23606797749979                                 5
258         109.95630165581395        0.0                                 0
259         109.95630165581395        2.23606797749979                                 5
260         109.95630165581395        2.23606797749979                                 5
261         109.95630165581395        2.23606797749979                                 5
262         109.95630165581395        2.23606797749979                                 5
263         109.18331077771933        0.0                                 0
264         109.18331077771933        2.23606797749979                                 5
265         108.16809713973652        0.0                                 0
266         108.16809713973652        1.7320508075688772                                 3
267         108.16809713973652        2.23606797749979                                 5
268         102.48063775613679        0.0                                 0
269         102.48063775613679        2.23606797749979                                 5
270         102.48063775613679        1.7320508075688772                                 3
271         102.48063775613679        2.23606797749979                                 5
272         102.48063775613679        2.23606797749979                                 5
273         102.48063775613679        2.23606797749979                                 5
274         102.45720768056601        0.0                                 0
275         102.45720768056601        2.23606797749979                                 5
276         102.45720768056601        2.23606797749979                                 5
277         102.45705669046993        0.0                                 0
278         102.45705669046993        2.23606797749979                                 5
279         102.45705669046993        2.23606797749979                                 5
280         102.45705669046993        2.23606797749979                                 5
281         102.45705669046993        2.23606797749979                                 5
282         102.45705669046993        2.23606797749979                                 5
283         102.45705669046993        2.23606797749979                                 5
284         102.45705669046993        2.23606797749979                                 5
285         102.45705669046993        2.23606797749979                                 5
286         102.45705669046993        2.23606797749979                                 5
287         102.45509608520386        0.0                                 0
288         101.48047246446752        0.0                                 0
289         101.48047246446752        2.23606797749979                                 5
290         101.48047246446752        2.23606797749979                                 5
291         100.57279625293785        0.0                                 0
292         100.57279625293785        2.23606797749979                                 5
293         100.57279625293785        2.23606797749979                                 5
294         100.32976850995362        0.0                                 0
295         100.32976850995362        2.23606797749979                                 5
296         100.32976850995362        2.23606797749979                                 5
297         100.32976850995362        2.23606797749979                                 5
298         100.32976850995362        2.23606797749979                                 5
299         100.32976850995362        2.23606797749979                                 5
300         100.32976850995362        2.23606797749979                                 5
301         100.32976850995362        2.23606797749979                                 5
302         99.9937610595508        0.0                                 0
303         99.87937468477504        0.0                                 0
304         99.87937468477504        2.23606797749979                                 5
305         99.87937468477504        2.23606797749979                                 5
306         99.87937468477504        2.23606797749979                                 5
307         99.87937468477504        2.23606797749979                                 5
308         99.87937468477504        2.23606797749979                                 5
309         99.87937468477504        2.23606797749979                                 5
310         99.87937468477504        2.23606797749979                                 5
311         99.87937468477504        2.23606797749979                                 5
312         99.56647626617247        0.0                                 0
313         98.7697041744854        0.0                                 0
314         98.7697041744854        2.23606797749979                                 5
315         98.7697041744854        2.23606797749979                                 5
316         98.43829296226616        0.0                                 0
317         98.38737160489995        0.0                                 0
318         98.38737160489995        2.23606797749979                                 5
319         97.8678438463347        0.0                                 0
320         96.57618960374475        0.0                                 0
321         96.57618960374475        2.23606797749979                                 5
322         96.57618960374475        1.7320508075688772                                 3
323         96.57618960374475        2.23606797749979                                 5
324         96.57618960374475        2.23606797749979                                 5
325         96.57618960374475        2.23606797749979                                 5
326         93.60357027217441        0.0                                 0
327         90.80551108303924        0.0                                 0
328         87.88093231571433        0.0                                 0
329         87.88093231571433        2.23606797749979                                 5
330         87.88093231571433        2.23606797749979                                 5
331         87.88093231571433        2.23606797749979                                 5
332         87.88093231571433        2.23606797749979                                 5
333         87.88093231571433        2.23606797749979                                 5
334         87.88093231571433        2.23606797749979                                 5
335         86.42181180915136        0.0                                 0
336         86.42181180915136        2.23606797749979                                 5
337         86.42181180915136        2.23606797749979                                 5
338         86.42181180915136        2.23606797749979                                 5
339         86.42181180915136        2.23606797749979                                 5
340         86.42181180915136        2.23606797749979                                 5
341         86.04077857635994        0.0                                 0
342         86.00073695478274        0.0                                 0
343         86.00073695478274        2.23606797749979                                 5
344         86.00073695478274        2.23606797749979                                 5
345         86.00073695478274        2.23606797749979                                 5
346         86.00073695478274        2.23606797749979                                 5
347         86.00073695478274        2.23606797749979                                 5
348         85.73810962063622        0.0                                 0
349         85.73810962063622        2.23606797749979                                 5
350         84.76030949660803        0.0                                 0
351         83.42944683286215        0.0                                 0
352         83.42944683286215        2.23606797749979                                 5
353         83.24666130236758        0.0                                 0
354         83.24666130236758        2.23606797749979                                 5
355         83.23382468564807        0.0                                 0
356         83.23382468564807        2.23606797749979                                 5
357         83.23382468564807        2.23606797749979                                 5
358         81.30776985521146        0.0                                 0
359         81.29653029136693        0.0                                 0
360         81.29653029136693        2.23606797749979                                 5
361         81.29653029136693        2.23606797749979                                 5
362         81.29653029136693        2.23606797749979                                 5
363         81.29653029136693        2.23606797749979                                 5
364         81.29653029136693        2.23606797749979                                 5
365         81.29653029136693        2.23606797749979                                 5
366         81.29653029136693        2.23606797749979                                 5
367         73.80253318662119        0.0                                 0
368         72.11814851945908        0.0                                 0
369         72.11814851945908        2.23606797749979                                 5
370         72.11814851945908        2.23606797749979                                 5
371         72.11814851945908        2.23606797749979                                 5
372         72.11814851945908        2.23606797749979                                 5
373         72.07052955306675        0.0                                 0
374         70.66585657511914        0.0                                 0
375         70.66585657511914        2.23606797749979                                 5
376         70.66585657511914        2.23606797749979                                 5
377         70.63235582036008        0.0                                 0
378         70.63235582036008        2.23606797749979                                 5
379         70.63235582036008        2.23606797749979                                 5
380         70.63235582036008        2.23606797749979                                 5
381         69.52651937541782        0.0                                 0
382         69.52651937541782        2.23606797749979                                 5
383         69.52651937541782        2.23606797749979                                 5
384         69.52651937541782        2.23606797749979                                 5
385         69.52651937541782        2.23606797749979                                 5
386         65.08836098801605        0.0                                 0
387         64.93609205122713        0.0                                 0
388         64.93609205122713        2.23606797749979                                 5
389         64.93609205122713        2.23606797749979                                 5
390         64.93609205122713        2.23606797749979                                 5
391         64.93609205122713        2.23606797749979                                 5
392         64.93609205122713        2.23606797749979                                 5
393         64.93609205122713        2.23606797749979                                 5
394         64.93609205122713        2.23606797749979                                 5
395         64.93609205122713        2.23606797749979                                 5
396         64.93609205122713        2.23606797749979                                 5
397         64.93609205122713        2.23606797749979                                 5
398         64.93609205122713        2.23606797749979                                 5
399         64.93609205122713        2.23606797749979                                 5
400         64.93609205122713        2.23606797749979                                 5
401         64.93609205122713        2.23606797749979                                 5
402         64.93609205122713        2.23606797749979                                 5
403         64.93609205122713        2.23606797749979                                 5
404         64.93609205122713        2.23606797749979                                 5
405         64.93609205122713        2.23606797749979                                 5
406         64.93609205122713        2.23606797749979                                 5
407         64.93609205122713        2.23606797749979                                 5
408         64.93609205122713        2.23606797749979                                 5
409         64.93609205122713        2.23606797749979                                 5
410         64.93609205122713        2.23606797749979                                 5
411         64.82500865403598        0.0                                 0
412         63.479322524708735        0.0                                 0
413         63.479322524708735        2.23606797749979                                 5
414         63.479322524708735        2.23606797749979                                 5
415         63.479322524708735        2.23606797749979                                 5
416         63.479322524708735        2.23606797749979                                 5
417         63.479322524708735        2.23606797749979                                 5
418         63.479322524708735        2.23606797749979                                 5
419         63.479322524708735        2.23606797749979                                 5
420         63.479322524708735        2.23606797749979                                 5
421         63.479322524708735        2.23606797749979                                 5
422         63.479322524708735        2.23606797749979                                 5
423         63.479322524708735        2.23606797749979                                 5
424         63.479322524708735        2.23606797749979                                 5
425         63.479322524708735        2.23606797749979                                 5
426         63.479322524708735        2.23606797749979                                 5
427         63.479322524708735        2.23606797749979                                 5
428         63.479322524708735        2.23606797749979                                 5
429         61.55029589566749        0.0                                 0
430         61.55029589566749        2.23606797749979                                 5
431         60.407229391027045        0.0                                 0
432         60.407229391027045        2.23606797749979                                 5
433         60.407229391027045        2.23606797749979                                 5
434         60.407229391027045        2.23606797749979                                 5
435         60.407229391027045        2.23606797749979                                 5
436         60.407229391027045        2.23606797749979                                 5
437         60.407229391027045        2.23606797749979                                 5
438         60.407229391027045        2.23606797749979                                 5
439         60.407229391027045        2.23606797749979                                 5
440         60.407229391027045        2.23606797749979                                 5
441         60.407229391027045        2.23606797749979                                 5
442         60.3323132381596        0.0                                 0
443         60.3323132381596        2.23606797749979                                 5
444         59.99950342203047        0.0                                 0
445         59.99950342203047        2.23606797749979                                 5
446         59.99950342203047        2.23606797749979                                 5
447         59.99950342203047        2.23606797749979                                 5
448         59.99950342203047        2.23606797749979                                 5
449         59.97680950465377        0.0                                 0
450         59.9323887335286        0.0                                 0
451         59.9323887335286        2.23606797749979                                 5
452         59.9323887335286        2.23606797749979                                 5
453         59.9323887335286        2.23606797749979                                 5
454         59.9323887335286        2.23606797749979                                 5
455         58.369370324405466        0.0                                 0
456         58.369370324405466        2.23606797749979                                 5
457         58.369370324405466        2.23606797749979                                 5
458         58.369370324405466        2.23606797749979                                 5
459         58.369370324405466        2.23606797749979                                 5
460         53.08260585528994        0.0                                 0
461         53.08260585528994        2.23606797749979                                 5
462         53.08260585528994        2.23606797749979                                 5
463         47.366186758943925        0.0                                 0
464         47.23462686757753        0.0                                 0
465         47.23462686757753        2.23606797749979                                 5
466         47.23282451068903        0.0                                 0
467         47.23282451068903        2.23606797749979                                 5
468         47.23282451068903        2.23606797749979                                 5
469         47.23282451068903        2.23606797749979                                 5
470         47.23282451068903        2.23606797749979                                 5
471         47.23282451068903        2.23606797749979                                 5
472         47.23282451068903        2.23606797749979                                 5
473         47.23282451068903        2.23606797749979                                 5
474         47.23282451068903        2.23606797749979                                 5
475         47.23282451068903        2.23606797749979                                 5
476         47.23282451068903        2.23606797749979                                 5
477         47.23282451068903        2.23606797749979                                 5
478         47.23282451068903        2.23606797749979                                 5
479         47.23282451068903        2.23606797749979                                 5
480         47.23282451068903        2.23606797749979                                 5
481         47.23282451068903        2.23606797749979                                 5
482         47.23282451068903        2.23606797749979                                 5
483         47.23282451068903        2.23606797749979                                 5
484         47.23282451068903        2.23606797749979                                 5
485         47.23282451068903        2.23606797749979                                 5
486         47.23282451068903        2.23606797749979                                 5
487         47.23282451068903        2.23606797749979                                 5
488         47.23282451068903        2.23606797749979                                 5
489         47.23282451068903        2.23606797749979                                 5
490         47.232778946495415        0.0                                 0
491         47.232778946495415        2.23606797749979                                 5
492         47.23096951301061        0.0                                 0
493         47.23096951301061        2.23606797749979                                 5
494         47.23096951301061        2.23606797749979                                 5
495         47.23096951301061        2.23606797749979                                 5
496         46.25306813933836        0.0                                 0
497         46.24261419907695        0.0                                 0
498         46.24261419907695        2.23606797749979                                 5
499         42.76278438865957        0.0                                 0
500         42.76278438865957        2.23606797749979                                 5
501         42.76278438865957        2.23606797749979                                 5
502         42.74576388121986        0.0                                 0
503         42.74576388121986        2.23606797749979                                 5
504         42.74576388121986        2.23606797749979                                 5
505         42.74576388121986        2.23606797749979                                 5
506         42.74576388121986        2.23606797749979                                 5
507         42.656632234631275        0.0                                 0
508         42.48469223797808        0.0                                 0
509         42.48469223797808        2.23606797749979                                 5
510         42.48469223797808        2.23606797749979                                 5
511         42.46749985858929        0.0                                 0
512         42.46749985858929        2.23606797749979                                 5
513         42.46749985858929        2.23606797749979                                 5
514         42.46749985858929        2.23606797749979                                 5
515         42.46749985858929        2.23606797749979                                 5
516         42.46749985858929        2.23606797749979                                 5
517         42.46749985858929        2.23606797749979                                 5
518         42.46749985858929        2.23606797749979                                 5
519         42.46749985858929        2.23606797749979                                 5
520         42.46749985858929        2.23606797749979                                 5
521         42.46749985858929        2.23606797749979                                 5
522         42.46749985858929        2.23606797749979                                 5
523         42.46749985858929        2.23606797749979                                 5
524         42.46749985858929        2.23606797749979                                 5
525         42.46749985858929        2.23606797749979                                 5
526         42.46749985858929        2.23606797749979                                 5
527         42.46749985858929        2.23606797749979                                 5
528         42.46749985858929        2.23606797749979                                 5
529         42.46749985858929        2.23606797749979                                 5
530         42.46749985858929        1.7320508075688772                                 3
531         42.46749985858929        2.23606797749979                                 5
532         42.46749985858929        2.23606797749979                                 5
533         42.46749985858929        2.23606797749979                                 5
534         42.46749985858929        2.23606797749979                                 5
535         42.46749985858929        2.23606797749979                                 5
536         42.46749985858929        2.23606797749979                                 5
537         42.46749985858929        2.23606797749979                                 5
538         40.81019989384626        0.0                                 0
539         40.81019989384626        2.23606797749979                                 5
540         40.81019989384626        2.23606797749979                                 5
541         40.81019989384626        2.23606797749979                                 5
542         40.81019989384626        2.23606797749979                                 5
543         40.81019989384626        2.23606797749979                                 5
544         40.81019989384626        2.23606797749979                                 5
545         40.81019989384626        2.23606797749979                                 5
546         40.65026880537147        0.0                                 0
547         40.65026880537147        2.23606797749979                                 5
548         40.65026880537147        2.23606797749979                                 5
549         40.65026880537147        2.23606797749979                                 5
550         40.65026880537147        2.23606797749979                                 5
551         40.65026880537147        2.23606797749979                                 5
552         40.65026880537147        2.23606797749979                                 5
553         40.65026880537147        2.23606797749979                                 5
554         40.65026880537147        2.23606797749979                                 5
555         40.65026880537147        2.23606797749979                                 5
556         40.65026880537147        2.23606797749979                                 5
557         40.65026880537147        2.23606797749979                                 5
558         40.65026880537147        2.23606797749979                                 5
559         40.65010652621383        0.0                                 0
560         39.387061991036404        0.0                                 0
561         39.387061991036404        2.23606797749979                                 5
562         39.387061991036404        2.23606797749979                                 5
563         39.387061991036404        2.23606797749979                                 5
564         39.387061991036404        2.23606797749979                                 5
565         39.387061991036404        2.23606797749979                                 5
566         39.387061991036404        2.23606797749979                                 5
567         39.387061991036404        2.23606797749979                                 5
568         39.15335466669242        0.0                                 0
569         39.15335466669242        2.23606797749979                                 5
570         39.15335466669242        2.23606797749979                                 5
571         39.15335466669242        1.7320508075688772                                 3
572         39.15335466669242        2.23606797749979                                 5
573         39.144910983475626        0.0                                 0
574         39.13241024018383        0.0                                 0
575         39.13241024018383        2.23606797749979                                 5
576         39.13241024018383        2.23606797749979                                 5
577         39.13241024018383        2.23606797749979                                 5
578         39.13241024018383        2.23606797749979                                 5
579         39.13241024018383        2.23606797749979                                 5
580         39.13241024018383        2.23606797749979                                 5
581         39.13241024018383        2.23606797749979                                 5
582         39.13241024018383        2.23606797749979                                 5
583         39.13241024018383        2.23606797749979                                 5
584         39.13241024018383        2.23606797749979                                 5
585         39.13241024018383        1.7320508075688772                                 3
586         39.13241024018383        2.23606797749979                                 5
587         39.13241024018383        2.23606797749979                                 5
588         39.13241024018383        2.23606797749979                                 5
589         39.13241024018383        2.23606797749979                                 5
590         39.13241024018383        2.23606797749979                                 5
591         39.13241024018383        2.23606797749979                                 5
592         39.13241024018383        2.23606797749979                                 5
593         39.13241024018383        2.23606797749979                                 5
594         39.13241024018383        2.23606797749979                                 5
595         39.13241024018383        2.23606797749979                                 5
596         39.13241024018383        2.23606797749979                                 5
597         39.11126012269003        0.0                                 0
598         39.11126012269003        2.23606797749979                                 5
599         39.11126012269003        2.23606797749979                                 5
600         39.09574604795951        0.0                                 0
601         39.09574604795951        2.23606797749979                                 5
602         39.09574604795951        2.23606797749979                                 5
603         38.488552494710476        0.0                                 0
604         38.488552494710476        2.23606797749979                                 5
605         38.488552494710476        2.23606797749979                                 5
606         38.488552494710476        2.23606797749979                                 5
607         38.488552494710476        2.23606797749979                                 5
608         38.488552494710476        2.23606797749979                                 5
609         37.473985616901345        0.0                                 0
610         37.473985616901345        2.23606797749979                                 5
611         37.473985616901345        2.23606797749979                                 5
612         37.473985616901345        2.23606797749979                                 5
613         37.473985616901345        2.23606797749979                                 5
614         37.473985616901345        2.23606797749979                                 5
615         37.473985616901345        2.23606797749979                                 5
616         37.473985616901345        2.23606797749979                                 5
617         37.473985616901345        2.23606797749979                                 5
618         37.473985616901345        2.23606797749979                                 5
619         37.473985616901345        2.23606797749979                                 5
620         34.3357734105297        0.0                                 0
621         34.3357734105297        2.23606797749979                                 5
622         34.3357734105297        2.23606797749979                                 5
623         34.3357734105297        2.23606797749979                                 5
624         34.3357734105297        2.23606797749979                                 5
625         34.3357734105297        2.23606797749979                                 5
626         34.3357734105297        2.23606797749979                                 5
627         34.3357734105297        2.23606797749979                                 5
628         31.45955823302494        0.0                                 0
629         31.45955823302494        2.23606797749979                                 5
630         31.41439536290493        0.0                                 0
631         31.41439536290493        2.23606797749979                                 5
632         31.41439536290493        2.23606797749979                                 5
633         31.41439536290493        2.23606797749979                                 5
634         31.41439536290493        2.23606797749979                                 5
635         31.41439536290493        2.23606797749979                                 5
636         31.41439536290493        2.23606797749979                                 5
637         31.41439536290493        2.23606797749979                                 5
638         31.41439536290493        2.23606797749979                                 5
639         31.41439536290493        2.23606797749979                                 5
640         31.41439536290493        2.23606797749979                                 5
641         31.41439536290493        2.23606797749979                                 5
642         31.41439536290493        2.23606797749979                                 5
643         31.41439536290493        2.23606797749979                                 5
644         31.41402889764804        0.0                                 0
645         31.41402889764804        2.23606797749979                                 5
646         30.38513900090039        0.0                                 0
647         30.38255720393978        0.0                                 0
648         30.38255720393978        2.23606797749979                                 5
649         30.38255720393978        2.23606797749979                                 5
650         30.352568338514384        0.0                                 0
651         30.352568338514384        2.23606797749979                                 5
652         30.339049794420486        0.0                                 0
653         30.339049794420486        2.23606797749979                                 5
654         30.339049794420486        2.23606797749979                                 5
655         30.339049794420486        2.23606797749979                                 5
656         26.538266007335448        0.0                                 0
657         26.538266007335448        2.23606797749979                                 5
658         26.538266007335448        2.23606797749979                                 5
659         26.538266007335448        2.23606797749979                                 5
660         26.511373994726508        0.0                                 0
661         26.511373994726508        2.23606797749979                                 5
662         26.511373994726508        2.23606797749979                                 5
663         26.50672012431853        0.0                                 0
664         26.248085407387418        0.0                                 0
665         26.248085407387418        2.23606797749979                                 5
666         26.248085407387418        2.23606797749979                                 5
667         26.248085407387418        2.23606797749979                                 5
668         26.116203381397153        0.0                                 0
669         26.116203381397153        2.23606797749979                                 5
670         26.116203381397153        2.23606797749979                                 5
671         26.116203381397153        2.23606797749979                                 5
672         26.116203381397153        2.23606797749979                                 5
673         26.116203381397153        2.23606797749979                                 5
674         26.116203381397153        2.23606797749979                                 5
675         26.116203381397153        2.23606797749979                                 5
676         26.116203381397153        2.23606797749979                                 5
677         26.116203381397153        2.23606797749979                                 5
678         26.116203381397153        2.23606797749979                                 5
679         26.062100180059826        0.0                                 0
680         26.062100180059826        2.23606797749979                                 5
681         26.062100180059826        2.23606797749979                                 5
682         26.062100180059826        2.23606797749979                                 5
683         26.062100180059826        2.23606797749979                                 5
684         26.053760375103334        0.0                                 0
685         26.053760375103334        2.23606797749979                                 5
686         24.437660479668576        0.0                                 0
687         24.437660479668576        2.23606797749979                                 5
688         24.437660479668576        2.23606797749979                                 5
689         24.437660479668576        2.23606797749979                                 5
690         24.437660479668576        2.23606797749979                                 5
691         24.437660479668576        2.23606797749979                                 5
692         24.437660479668576        2.23606797749979                                 5
693         24.437660479668576        2.23606797749979                                 5
694         24.437660479668576        2.23606797749979                                 5
695         24.437660479668576        1.7320508075688772                                 3
696         24.437660479668576        2.23606797749979                                 5
697         24.437660479668576        2.23606797749979                                 5
698         24.437660479668576        2.23606797749979                                 5
699         24.437660479668576        2.23606797749979                                 5
700         24.437660479668576        2.23606797749979                                 5
701         24.437660479668576        2.23606797749979                                 5
702         24.437660479668576        2.23606797749979                                 5
703         24.437660479668576        2.23606797749979                                 5
704         24.437660479668576        2.23606797749979                                 5
705         24.437660479668576        2.23606797749979                                 5
706         24.437660479668576        2.23606797749979                                 5
707         24.437660479668576        2.23606797749979                                 5
708         24.437660479668576        1.7320508075688772                                 3
709         24.437660479668576        2.23606797749979                                 5
710         24.437660479668576        2.23606797749979                                 5
711         24.437660479668576        2.23606797749979                                 5
712         24.437660479668576        2.23606797749979                                 5
713         24.437660479668576        2.23606797749979                                 5
714         24.437660479668576        2.23606797749979                                 5
715         24.437660479668576        2.23606797749979                                 5
716         24.437660479668576        2.23606797749979                                 5
717         24.437660479668576        2.23606797749979                                 5
718         24.437660479668576        2.23606797749979                                 5
719         24.437660479668576        2.23606797749979                                 5
720         24.437660479668576        2.23606797749979                                 5
721         24.437660479668576        2.23606797749979                                 5
722         24.437660479668576        2.23606797749979                                 5
723         24.437660479668576        2.23606797749979                                 5
724         24.437660479668576        2.23606797749979                                 5
725         24.437660479668576        2.23606797749979                                 5
726         24.03636763572815        0.0                                 0
727         24.03636763572815        2.23606797749979                                 5
728         24.03636763572815        2.23606797749979                                 5
729         24.03636763572815        2.23606797749979                                 5
730         24.03636763572815        2.23606797749979                                 5
731         23.94718599282147        0.0                                 0
732         23.94718599282147        2.23606797749979                                 5
733         23.94718599282147        2.23606797749979                                 5
734         23.94718599282147        2.23606797749979                                 5
735         23.94718599282147        2.23606797749979                                 5
736         23.94718599282147        2.23606797749979                                 5
737         23.94718599282147        2.23606797749979                                 5
738         23.94718599282147        2.23606797749979                                 5
739         23.94718599282147        2.23606797749979                                 5
740         23.167216573621836        0.0                                 0
741         23.167216573621836        2.23606797749979                                 5
742         23.167216573621836        2.23606797749979                                 5
743         23.167216573621836        2.23606797749979                                 5
744         23.167216573621836        2.23606797749979                                 5
745         23.167216573621836        2.23606797749979                                 5
746         22.917787566020884        0.0                                 0
747         22.803164252092095        0.0                                 0
748         22.803164252092095        2.23606797749979                                 5
749         22.803164252092095        2.23606797749979                                 5
750         21.79078130859227        0.0                                 0
751         21.79078130859227        2.23606797749979                                 5
752         21.79078130859227        2.23606797749979                                 5
753         21.79078130859227        2.23606797749979                                 5
754         21.79078130859227        2.23606797749979                                 5
755         21.79078130859227        2.23606797749979                                 5
756         21.79078130859227        2.23606797749979                                 5
757         21.78982038374411        0.0                                 0
758         21.78982038374411        2.23606797749979                                 5
759         21.7205012488655        0.0                                 0
760         21.7205012488655        2.23606797749979                                 5
761         21.7205012488655        2.23606797749979                                 5
762         21.718955299706177        0.0                                 0
763         21.718955299706177        2.23606797749979                                 5
764         21.718955299706177        2.23606797749979                                 5
765         21.698447704022495        0.0                                 0
766         21.698447704022495        2.23606797749979                                 5
767         21.698447704022495        2.23606797749979                                 5
768         21.698447704022495        2.23606797749979                                 5
769         21.698447704022495        2.23606797749979                                 5
770         21.698447704022495        2.23606797749979                                 5
771         21.698447704022495        2.23606797749979                                 5
772         21.698447704022495        2.23606797749979                                 5
773         21.65686715433456        0.0                                 0
774         21.65686715433456        2.23606797749979                                 5
775         21.65686715433456        2.23606797749979                                 5
776         21.655334631549348        0.0                                 0
777         21.655334631549348        2.23606797749979                                 5
778         21.655334631549348        2.23606797749979                                 5
779         21.655334631549348        2.23606797749979                                 5
780         21.655334631549348        2.23606797749979                                 5
781         21.655334631549348        2.23606797749979                                 5
782         21.655334631549348        2.23606797749979                                 5
783         21.655334631549348        2.23606797749979                                 5
784         21.655334631549348        2.23606797749979                                 5
785         21.655334631549348        2.23606797749979                                 5
786         21.655334631549348        2.23606797749979                                 5
787         21.64590761976751        0.0                                 0
788         21.64590761976751        2.23606797749979                                 5
789         21.64590761976751        2.23606797749979                                 5
790         21.64590761976751        2.23606797749979                                 5
791         21.64590761976751        2.23606797749979                                 5
792         21.64590761976751        2.23606797749979                                 5
793         21.64590761976751        2.23606797749979                                 5
794         21.64590761976751        2.23606797749979                                 5
795         21.64469173408139        0.0                                 0
796         21.64469173408139        2.23606797749979                                 5
797         21.64469173408139        2.23606797749979                                 5
798         21.64469173408139        2.23606797749979                                 5
799         21.64469173408139        2.23606797749979                                 5
800         21.64469173408139        2.23606797749979                                 5
801         21.64469173408139        2.23606797749979                                 5
802         21.64469173408139        2.23606797749979                                 5
803         21.64469173408139        2.23606797749979                                 5
804         21.64469173408139        2.23606797749979                                 5
805         21.64469173408139        2.23606797749979                                 5
806         21.64469173408139        2.23606797749979                                 5
807         21.64469173408139        2.23606797749979                                 5
808         21.64469173408139        2.23606797749979                                 5
809         21.64469173408139        2.23606797749979                                 5
810         21.64469173408139        2.23606797749979                                 5
811         21.64469173408139        2.23606797749979                                 5
812         21.63889231684979        0.0                                 0
813         21.63863542761365        0.0                                 0
814         21.63863542761365        2.23606797749979                                 5
815         21.63863542761365        2.23606797749979                                 5
816         21.63863542761365        2.23606797749979                                 5
817         21.63863542761365        2.23606797749979                                 5
818         21.63863542761365        2.23606797749979                                 5
819         21.63863542761365        2.23606797749979                                 5
820         21.63863542761365        2.23606797749979                                 5
821         21.63863542761365        2.23606797749979                                 5
822         21.63557461388026        0.0                                 0
823         21.62412866499063        0.0                                 0
824         21.62412866499063        2.23606797749979                                 5
825         21.62412866499063        2.23606797749979                                 5
826         21.62412866499063        2.23606797749979                                 5
827         21.606356014767506        0.0                                 0
828         21.606356014767506        2.23606797749979                                 5
829         21.606356014767506        2.23606797749979                                 5
830         21.606356014767506        2.23606797749979                                 5
831         21.606356014767506        2.23606797749979                                 5
832         21.606356014767506        2.23606797749979                                 5
833         21.606356014767506        2.23606797749979                                 5
834         21.606356014767506        2.23606797749979                                 5
835         21.606356014767506        2.23606797749979                                 5
836         21.606356014767506        2.23606797749979                                 5
837         21.606356014767506        2.23606797749979                                 5
838         21.606356014767506        2.23606797749979                                 5
839         21.606356014767506        2.23606797749979                                 5
840         21.606356014767506        2.23606797749979                                 5
841         21.60379693508821        0.0                                 0
842         21.60379693508821        2.23606797749979                                 5
843         21.60379693508821        2.23606797749979                                 5
844         21.60379693508821        2.23606797749979                                 5
845         21.60379693508821        2.23606797749979                                 5
846         21.60379693508821        2.23606797749979                                 5
847         21.60379693508821        2.23606797749979                                 5
848         21.60379693508821        2.23606797749979                                 5
849         21.60379693508821        2.23606797749979                                 5
850         21.60379693508821        2.23606797749979                                 5
851         21.60379693508821        2.23606797749979                                 5
852         21.60379693508821        2.23606797749979                                 5
853         21.60379693508821        2.23606797749979                                 5
854         21.60324636551054        0.0                                 0
855         21.60324636551054        2.23606797749979                                 5
856         21.60324636551054        2.23606797749979                                 5
857         21.60324636551054        2.23606797749979                                 5
858         21.60324636551054        2.23606797749979                                 5
859         21.60324636551054        2.23606797749979                                 5
860         21.60324636551054        2.23606797749979                                 5
861         21.60324636551054        2.23606797749979                                 5
862         21.60324636551054        2.23606797749979                                 5
863         21.60324636551054        2.23606797749979                                 5
864         21.60324636551054        2.23606797749979                                 5
865         21.60324636551054        2.23606797749979                                 5
866         21.60324636551054        2.23606797749979                                 5
867         21.60324636551054        2.23606797749979                                 5
868         21.60324636551054        2.23606797749979                                 5
869         21.60324636551054        2.23606797749979                                 5
870         21.60324636551054        2.23606797749979                                 5
871         21.60324636551054        2.23606797749979                                 5
872         21.60324636551054        2.23606797749979                                 5
873         21.60324636551054        2.23606797749979                                 5
874         21.60324636551054        2.23606797749979                                 5
875         21.60324636551054        2.23606797749979                                 5
876         21.60324636551054        2.23606797749979                                 5
877         21.60324636551054        2.23606797749979                                 5
878         21.60324636551054        2.23606797749979                                 5
879         21.60324636551054        2.23606797749979                                 5
880         21.60324636551054        2.23606797749979                                 5
881         21.591617708240133        0.0                                 0
882         21.591617708240133        2.23606797749979                                 5
883         21.591617708240133        2.23606797749979                                 5
884         21.591617708240133        2.23606797749979                                 5
885         21.591617708240133        2.23606797749979                                 5
886         21.591617708240133        2.23606797749979                                 5
887         21.591617708240133        2.23606797749979                                 5
888         21.591617708240133        2.23606797749979                                 5
889         21.591617708240133        2.23606797749979                                 5
890         21.591617708240133        2.23606797749979                                 5
891         21.591617708240133        1.7320508075688772                                 3
892         21.591617708240133        2.23606797749979                                 5
893         21.591617708240133        2.23606797749979                                 5
894         21.591617708240133        2.23606797749979                                 5
895         21.466739126320594        0.0                                 0
896         21.466739126320594        2.23606797749979                                 5
897         21.466739126320594        2.23606797749979                                 5
898         21.466739126320594        2.23606797749979                                 5
899         21.46229833618496        0.0                                 0
900         21.46229833618496        2.23606797749979                                 5
901         21.46229833618496        2.23606797749979                                 5
902         21.46229833618496        2.23606797749979                                 5
903         21.46229833618496        2.23606797749979                                 5
904         21.46229833618496        2.23606797749979                                 5
905         21.46229833618496        2.23606797749979                                 5
906         21.46229833618496        2.23606797749979                                 5
907         21.460989882524178        0.0                                 0
908         21.460989882524178        2.23606797749979                                 5
909         21.460854701237917        0.0                                 0
910         21.460854701237917        2.23606797749979                                 5
911         21.460854701237917        2.23606797749979                                 5
912         21.460854701237917        2.23606797749979                                 5
913         21.460854701237917        2.23606797749979                                 5
914         21.460854701237917        2.23606797749979                                 5
915         21.460854701237917        2.23606797749979                                 5
916         21.460854701237917        2.23606797749979                                 5
917         21.460854701237917        2.23606797749979                                 5
918         21.460854701237917        2.23606797749979                                 5
919         21.460854701237917        2.23606797749979                                 5
920         21.460854701237917        2.23606797749979                                 5
921         21.460854701237917        2.23606797749979                                 5
922         21.460854701237917        2.23606797749979                                 5
923         21.460854701237917        2.23606797749979                                 5
924         21.460854701237917        2.23606797749979                                 5
925         21.460854701237917        2.23606797749979                                 5
926         21.460854701237917        2.23606797749979                                 5
927         21.460854701237917        2.23606797749979                                 5
928         21.460854701237917        2.23606797749979                                 5
929         21.460854701237917        2.23606797749979                                 5
930         21.460854701237917        2.23606797749979                                 5
931         21.460854701237917        2.23606797749979                                 5
932         21.460854701237917        2.23606797749979                                 5
933         21.460854701237917        2.23606797749979                                 5
934         19.462120783330178        0.0                                 0
935         19.462120783330178        2.23606797749979                                 5
936         19.462120783330178        2.23606797749979                                 5
937         19.462120783330178        2.23606797749979                                 5
938         19.462120783330178        2.23606797749979                                 5
939         19.462120783330178        2.23606797749979                                 5
940         18.630296336103555        0.0                                 0
941         18.630296336103555        2.23606797749979                                 5
942         18.630296336103555        2.23606797749979                                 5
943         18.630296336103555        2.23606797749979                                 5
944         18.630296336103555        2.23606797749979                                 5
945         18.630296336103555        2.23606797749979                                 5
946         18.630296336103555        2.23606797749979                                 5
947         18.630296336103555        2.23606797749979                                 5
948         18.611842880396324        0.0                                 0
949         18.611842880396324        2.23606797749979                                 5
950         18.611842880396324        2.23606797749979                                 5
951         18.611842880396324        2.23606797749979                                 5
952         18.611842880396324        2.23606797749979                                 5
953         18.611842880396324        2.23606797749979                                 5
954         18.611842880396324        2.23606797749979                                 5
955         18.611842880396324        2.23606797749979                                 5
956         18.611842880396324        2.23606797749979                                 5
957         18.611842880396324        2.23606797749979                                 5
958         15.710712733066176        0.0                                 0
959         15.710712733066176        2.23606797749979                                 5
960         15.710712733066176        2.23606797749979                                 5
961         15.710712733066176        2.23606797749979                                 5
962         15.710712733066176        2.23606797749979                                 5
963         15.710712733066176        2.23606797749979                                 5
964         15.710712733066176        2.23606797749979                                 5
965         15.710712733066176        2.23606797749979                                 5
966         15.710712733066176        2.23606797749979                                 5
967         15.710712733066176        2.23606797749979                                 5
968         15.710712733066176        2.23606797749979                                 5
969         15.710712733066176        2.23606797749979                                 5
970         15.710712733066176        2.23606797749979                                 5
971         15.710712733066176        2.23606797749979                                 5
972         15.710712733066176        2.23606797749979                                 5
973         15.704873199913921        0.0                                 0
974         15.704873199913921        2.23606797749979                                 5
975         15.703999379768046        0.0                                 0
976         15.703999379768046        2.23606797749979                                 5
977         15.703999379768046        2.23606797749979                                 5
978         15.703999379768046        2.23606797749979                                 5
979         15.703999379768046        1.7320508075688772                                 3
980         15.703999379768046        2.23606797749979                                 5
981         15.703999379768046        2.23606797749979                                 5
982         15.703999379768046        2.23606797749979                                 5
983         15.703999379768046        2.23606797749979                                 5
984         15.703999379768046        2.23606797749979                                 5
985         15.7012825839779        0.0                                 0
986         15.7012825839779        2.23606797749979                                 5
987         15.7012825839779        2.23606797749979                                 5
988         15.7012825839779        2.23606797749979                                 5
989         15.7012825839779        2.23606797749979                                 5
990         15.7012825839779        2.23606797749979                                 5
991         15.7012825839779        2.23606797749979                                 5
992         15.7012825839779        2.23606797749979                                 5
993         15.7012825839779        2.23606797749979                                 5
994         15.7012825839779        2.23606797749979                                 5
995         15.7012825839779        2.23606797749979                                 5
996         15.7012825839779        2.23606797749979                                 5
997         15.7012825839779        2.23606797749979                                 5
998         15.7012825839779        2.23606797749979                                 5
999         15.7012825839779        2.23606797749979                                 5
// Funcion: rastrigin Enfriamiento: exponencial Semilla: 424980847