iteracion  mejor_solucion    distancia_euclidiana                 distancia_hamming
0         306.8585323155764        0.0                                 0
1         304.36823956543634        0.0                                 0
2         304.25127370126336        0.0                                 0
3         302.15177243409556        0.0                                 0
4         297.67511451936775        0.0                                 0
5         271.6711519912791        0.0                                 0
6         271.6711519912791        0.0                                 0
7         269.3464970315898        0.0                                 0
8         269.3464970315898        0.0                                 0
9         282.07681234655695        0.0                                 0
10         281.7944971000877        0.0                                 0
11         281.7944971000877        0.0                                 0
12         281.8900158583259        0.0                                 0
13         291.9932798248641        0.0                                 0
14         289.7454017956827        0.0                                 0
15         289.7454017956827        0.0                                 0
16         292.1741658532931        0.0                                 0
17         290.86249278921906        0.0                                 0
18         266.66835439940576        0.0                                 0
19         266.66835439940576        0.0                                 0
20         244.9131418124066        0.0                                 0
21         227.78453863877786        0.0                                 0
22         227.7827088614518        0.0                                 0
23         227.7827088614518        0.0                                 0
24         228.28687690669847        0.0                                 0
25         228.4160635896664        0.0                                 0
26         245.06038677168337        0.0                                 0
27         259.6749776884615        0.0                                 0
28         246.87266961003579        0.0                                 0
29         246.87266961003579        0.0                                 0
30         248.71017983224226        0.0                                 0
31         248.71017983224226        0.0                                 0
32         251.26896739485665        0.0                                 0
33         268.1760593786064        0.0                                 0
34         252.61557580648855        0.0                                 0
35         252.61557580648855        0.0                                 0
36         255.72747865472007        0.0                                 0
37         239.46848039637587        0.0                                 0
38         229.41706068567635        0.0                                 0
39         229.40048286931        0.0                                 0
40         229.40048286931        0.0                                 0
41         229.3841787543506        0.0                                 0
42         228.0354235425208        0.0                                 0
43         182.3054743795147        0.0                                 0
44         182.3054743795147        0.0                                 0
45         194.45820187850788        0.0                                 0
46         187.33517194967263        0.0                                 0
47         186.29425048652863        0.0                                 0
48         186.29425048652863        0.0                                 0
49         188.51948962637545        0.0                                 0
50         224.61374689030555        0.0                                 0
51         224.41520171281832        0.0                                 0
52         212.12087015040703        0.0                                 0
53         211.22615693807862        0.0                                 0
54         210.58328911348917        0.0                                 0
55         210.58328911348917        0.0                                 0
56         212.56638035869526        0.0                                 0
57         211.9997848377441        0.0                                 0
58         206.95223021214207        0.0                                 0
59         206.5864569811159        0.0                                 0
60         206.5576408996802        0.0                                 0
61         206.5576408996802        2.23606797749979                                 5
62         206.5576408996802        0.0                                 0
63         212.26153840534826        0.0                                 0
64         214.80356494502263        0.0                                 0
65         228.0874177839998        0.0                                 0
66         228.60112670353917        0.0                                 0
67         228.36610994445624        0.0                                 0
68         228.36610994445624        2.23606797749979                                 5
69         228.36610994445624        2.23606797749979                                 5
70         228.36610994445624        0.0                                 0
71         223.97596947157516        0.0                                 0
72         223.40812025106234        0.0                                 0
73         215.73342997851753        0.0                                 0
74         210.45426684088153        0.0                                 0
75         210.45426684088153        2.23606797749979                                 5
76         196.61699400674664        0.0                                 0
77         196.61699400674664        2.23606797749979                                 5
78         184.83036020964755        0.0                                 0
79         184.83036020964755        0.0                                 0
80         190.21130178864314        2.23606797749979                                 5
81         190.21130178864314        2.23606797749979                                 5
82         186.8646913316353        0.0                                 0
83         186.81766822686967        0.0                                 0
84         186.81766822686967        0.0                                 0
85         189.84689834894317        0.0                                 0
86         189.77756303085587        0.0                                 0
87         189.77756303085587        0.0                                 0
88         192.7075736161436        2.23606797749979                                 5
89         192.7075736161436        0.0                                 0
90         194.322630368717        0.0                                 0
91         199.24784601174443        0.0                                 0
92         199.24784601174443        0.0                                 0
93         200.94450350959303        2.23606797749979                                 5
94         200.94450350959303        2.23606797749979                                 5
95         200.94450350959303        2.23606797749979                                 5
96         200.94450350959303        2.23606797749979                                 5
97         200.94450350959303        0.0                                 0
98         201.8848386963106        2.23606797749979                                 5
99         201.8848386963106        2.23606797749979                                 5
100         201.8848386963106        2.23606797749979                                 5
101         196.2784954404641        0.0                                 0
102         196.2784954404641        2.23606797749979                                 5
103         194.24985950216814        0.0                                 0
104         182.19961251090874        0.0                                 0
105         182.19961251090874        2.23606797749979                                 5
106         182.19961251090874        2.23606797749979                                 5
107         182.19961251090874        0.0                                 0
108         183.01231309877292        2.23606797749979                                 5
109         177.19229559493974        0.0                                 0
110         177.19229559493974        2.23606797749979                                 5
111         177.19229559493974        2.23606797749979                                 5
112         173.7390324828118        0.0                                 0
113         173.7390324828118        2.23606797749979                                 5
114         160.18544106105054        0.0                                 0
115         148.05189133252978        0.0                                 0
116         144.43735618496967        0.0                                 0
117         144.02064970545922        0.0                                 0
118         140.52265866122457        0.0                                 0
119         140.2823045011877        0.0                                 0
120         140.2823045011877        0.0                                 0
121         141.19207784000955        2.23606797749979                                 5
122         141.19207784000955        2.23606797749979                                 5
123         141.19207784000955        2.23606797749979                                 5
124         139.25708879736908        0.0                                 0
125         139.25708879736908        2.23606797749979                                 5
126         139.25708879736908        0.0                                 0
127         138.89438062342813        0.0                                 0
128         137.92121195056586        0.0                                 0
129         137.92121195056586        2.23606797749979                                 5
130         137.92121195056586        2.23606797749979                                 5
131         137.92121195056586        2.23606797749979                                 5
132         137.92121195056586        2.23606797749979                                 5
133         137.7036324631315        0.0                                 0
134         131.39139501116762        0.0                                 0
135         121.44735757487136        0.0                                 0
136         121.44735757487136        2.23606797749979                                 5
137         121.44735757487136        2.23606797749979                                 5
138         115.82333779744155        0.0                                 0
139         115.82333779744155        2.23606797749979                                 5
140         115.82333779744155        2.23606797749979                                 5
141         115.82333779744155        0.0                                 0
142         115.84389729296615        2.23606797749979                                 5
143         115.84389729296615        2.23606797749979                                 5
144         115.7803310433076        0.0                                 0
145         114.78923680672345        0.0                                 0
146         114.78923680672345        2.23606797749979                                 5
147         114.78923680672345        2.23606797749979                                 5
148         114.78923680672345        2.23606797749979                                 5
149         114.78923680672345        0.0                                 0
150         102.59751640086208        0.0                                 0
151         102.59751640086208        2.23606797749979                                 5
152         101.08222994826767        0.0                                 0
153         101.01848539919416        0.0                                 0
154         101.01848539919416        2.23606797749979                                 5
155         101.01275350801137        0.0                                 0
156         101.01275350801137        2.23606797749979                                 5
157         101.01275350801137        2.23606797749979                                 5
158         101.01275350801137        2.23606797749979                                 5
159         101.01275350801137        2.23606797749979                                 5
160         101.01275350801137        2.23606797749979                                 5
161         101.01275350801137        2.23606797749979                                 5
162         101.01275350801137        2.23606797749979                                 5
163         101.01275350801137        2.23606797749979                                 5
164         101.01275350801137        2.23606797749979                                 5
165         101.01275350801137        0.0                                 0
166         101.03250539565369        2.23606797749979                                 5
167         101.03250539565369        0.0                                 0
168         101.0401940355978        2.23606797749979                                 5
169         101.0401940355978        0.0                                 0
170         101.05630312673969        2.23606797749979                                 5
171         101.05630312673969        2.23606797749979                                 5
172         101.05630312673969        2.23606797749979                                 5
173         100.55514223624576        0.0                                 0
174         100.55514223624576        2.23606797749979                                 5
175         100.55514223624576        2.23606797749979                                 5
176         100.55514223624576        2.23606797749979                                 5
177         100.55514223624576        2.23606797749979                                 5
178         100.55514223624576        2.23606797749979                                 5
179         93.66494007564086        0.0                                 0
180         91.87287622535378        0.0                                 0
181         91.87287622535378        2.23606797749979                                 5
182         91.87287622535378        2.23606797749979                                 5
183         90.1248142835944        0.0                                 0
184         90.1248142835944        2.23606797749979                                 5
185         90.1248142835944        2.23606797749979                                 5
186         90.1248142835944        2.23606797749979                                 5
187         90.1248142835944        2.23606797749979                                 5
188         90.00811120772845        0.0                                 0
189         90.00811120772845        2.23606797749979                                 5
190         90.00811120772845        2.23606797749979                                 5
191         90.00811120772845        2.23606797749979                                 5
192         90.00811120772845        2.23606797749979                                 5
193         90.00811120772845        2.23606797749979                                 5
194         90.00811120772845        2.23606797749979                                 5
195         89.06281561914828        0.0                                 0
196         87.89948168446587        0.0                                 0
197         87.89948168446587        2.23606797749979                                 5
198         85.10192055550839        0.0                                 0
199         85.10192055550839        2.23606797749979                                 5
200         85.10192055550839        2.23606797749979                                 5
201         85.10192055550839        2.23606797749979                                 5
202         85.10192055550839        2.23606797749979                                 5
203         85.10192055550839        2.23606797749979                                 5
204         85.10192055550839        2.23606797749979                                 5
205         85.10192055550839        2.23606797749979                                 5
206         85.10192055550839        2.23606797749979                                 5
207         83.44396296113437        0.0                                 0
208         83.44396296113437        2.23606797749979                                 5
209         83.44396296113437        2.23606797749979                                 5
210         83.40456684259173        0.0                                 0
211         83.40456684259173        2.23606797749979                                 5
212         83.40456684259173        2.23606797749979                                 5
213         83.40456684259173        0.0                                 0
214         83.41090649246688        2.23606797749979                                 5
215         83.3327783390528        0.0                                 0
216         83.3327783390528        2.23606797749979                                 5
217         83.3327783390528        2.23606797749979                                 5
218         83.3327783390528        2.23606797749979                                 5
219         83.3327783390528        2.23606797749979                                 5
220         82.24373403352286        0.0                                 0
221         82.24373403352286        2.23606797749979                                 5
222         80.47219045174342        0.0                                 0
223         80.47219045174342        2.23606797749979                                 5
224         80.47089495227614        0.0                                 0
225         80.47089495227614        2.23606797749979                                 5
226         74.13728742739733        0.0                                 0
227         73.24395962302773        0.0                                 0
228         73.24395962302773        2.23606797749979                                 5
229         73.24395962302773        2.23606797749979                                 5
230         73.24395962302773        2.23606797749979                                 5
231         73.24395962302773        2.23606797749979                                 5
232         65.30563366041513        0.0                                 0
233         65.30563366041513        2.23606797749979                                 5
234         65.05195196454648        0.0                                 0
235         65.05195196454648        2.23606797749979                                 5
236         61.50367969044517        0.0                                 0
237         61.50367969044517        2.23606797749979                                 5
238         61.50367969044517        2.23606797749979                                 5
239         61.50367969044517        2.23606797749979                                 5
240         61.30735808834481        0.0                                 0
241         61.30735808834481        2.23606797749979                                 5
242         61.30735808834481        2.23606797749979                                 5
243         61.30735808834481        2.23606797749979                                 5
244         61.30439838111957        0.0                                 0
245         61.30439838111957        2.23606797749979                                 5
246         61.30439838111957        2.23606797749979                                 5
247         61.30439838111957        2.23606797749979                                 5
248         61.30439838111957        2.23606797749979                                 5
249         61.30439838111957        1.7320508075688772                                 3
250         61.30439838111957        2.23606797749979                                 5
251         61.30439838111957        2.23606797749979                                 5
252         61.30439838111957        2.23606797749979                                 5
253         61.30439838111957        2.23606797749979                                 5
254         61.30439838111957        2.23606797749979                                 5
255         61.30439838111957        2.23606797749979                                 5
256         61.30439838111957        2.23606797749979                                 5
257         61.30439838111957        2.23606797749979                                 5
258         61.26522833425322        0.0                                 0
259         61.26522833425322        2.23606797749979                                 5
260         53.11550406152996        0.0                                 0
261         53.11550406152996        2.23606797749979                                 5
262         53.11550406152996        2.23606797749979                                 5
263         53.11550406152996        2.23606797749979                                 5
264         53.11550406152996        2.23606797749979                                 5
265         53.11550406152996        2.23606797749979                                 5
266         53.11550406152996        2.23606797749979                                 5
267         53.11550406152996        2.23606797749979                                 5
268         53.11550406152996        2.23606797749979                                 5
269         53.11550406152996        2.23606797749979                                 5
270         53.11550406152996        2.23606797749979                                 5
271         53.11550406152996        2.23606797749979                                 5
272         53.11550406152996        2.23606797749979                                 5
273         51.555060355526365        0.0                                 0
274         51.555060355526365        2.23606797749979                                 5
275         51.37929084079637        0.0                                 0
276         51.37929084079637        2.23606797749979                                 5
277         51.37929084079637        2.23606797749979                                 5
278         51.37929084079637        2.23606797749979                                 5
279         51.37929084079637        2.23606797749979                                 5
280         51.37929084079637        2.23606797749979                                 5
281         51.37929084079637        2.23606797749979                                 5
282         51.37929084079637        2.23606797749979                                 5
283         51.37929084079637        2.23606797749979                                 5
284         51.37929084079637        2.23606797749979                                 5
285         51.37929084079637        2.23606797749979                                 5
286         51.37929084079637        2.23606797749979                                 5
287         51.37929084079637        2.23606797749979                                 5
288         51.37929084079637        2.23606797749979                                 5
289         51.37929084079637        2.23606797749979                                 5
290         51.052857963971775        0.0                                 0
291         51.052857963971775        2.23606797749979                                 5
292         51.052857963971775        2.23606797749979                                 5
293         50.98053339770445        0.0                                 0
294         50.98053339770445        2.23606797749979                                 5
295         50.98053339770445        2.23606797749979                                 5
296         50.98053339770445        2.23606797749979                                 5
297         50.98053339770445        2.23606797749979                                 5
298         50.98053339770445        2.23606797749979                                 5
299         50.552866109083844        0.0                                 0
300         50.552866109083844        2.23606797749979                                 5
301         50.552866109083844        2.23606797749979                                 5
302         50.552866109083844        2.23606797749979                                 5
303         50.552866109083844        2.23606797749979                                 5
304         50.552866109083844        2.23606797749979                                 5
305         46.27671815563792        0.0                                 0
306         46.27671815563792        2.23606797749979                                 5
307         46.27671815563792        2.23606797749979                                 5
308         46.27671815563792        2.23606797749979                                 5
309         46.27671815563792        2.23606797749979                                 5
310         46.27671815563792        2.23606797749979                                 5
311         46.27671815563792        1.7320508075688772                                 3
312         46.27671815563792        2.23606797749979                                 5
313         46.22181229066746        0.0                                 0
314         46.22181229066746        2.23606797749979                                 5
315         46.20409363984538        0.0                                 0
316         46.15725417918051        0.0                                 0
317         46.15725417918051        2.23606797749979                                 5
318         46.15725417918051        2.23606797749979                                 5
319         46.15725417918051        2.23606797749979                                 5
320         46.15725417918051        2.23606797749979                                 5
321         46.15725417918051        2.23606797749979                                 5
322         46.15725417918051        2.23606797749979                                 5
323         46.15725417918051        2.23606797749979                                 5
324         46.15725417918051        2.23606797749979                                 5
325         46.15725417918051        2.23606797749979                                 5
326         46.15725417918051        2.23606797749979                                 5
327         46.15725417918051        2.23606797749979                                 5
328         44.21438968695358        0.0                                 0
329         44.21438968695358        2.23606797749979                                 5
330         43.01090534454268        0.0                                 0
331         43.01090534454268        2.23606797749979                                 5
332         43.01090534454268        2.23606797749979                                 5
333         43.01090534454268        2.23606797749979                                 5
334         43.01090534454268        2.23606797749979                                 5
335         43.01090534454268        2.23606797749979                                 5
336         43.01090534454268        2.23606797749979                                 5
337         42.76416682383697        0.0                                 0
338         42.76416682383697        2.23606797749979                                 5
339         42.76416682383697        2.23606797749979                                 5
340         42.76416682383697        2.23606797749979                                 5
341         42.76416682383697        2.23606797749979                                 5
342         42.76416682383697        2.23606797749979                                 5
343         41.59169162863127        0.0                                 0
344         41.59169162863127        2.23606797749979                                 5
345         41.0738301497261        0.0                                 0
346         41.0738301497261        2.23606797749979                                 5
347         41.0738301497261        2.23606797749979                                 5
348         41.0738301497261        2.23606797749979                                 5
349         41.0738301497261        2.23606797749979                                 5
350         41.0738301497261        2.23606797749979                                 5
351         41.0738301497261        2.23606797749979                                 5
352         41.0738301497261        2.23606797749979                                 5
353         41.0738301497261        2.23606797749979                                 5
354         41.0738301497261        2.23606797749979                                 5
355         41.0738301497261        2.23606797749979                                 5
356         41.0738301497261        2.23606797749979                                 5
357         40.351743002411965        0.0                                 0
358         40.351743002411965        2.23606797749979                                 5
359         40.351743002411965        2.23606797749979                                 5
360         40.351743002411965        2.23606797749979                                 5
361         40.351743002411965        2.23606797749979                                 5
362         40.351743002411965        2.23606797749979                                 5
363         37.33954396205449        0.0                                 0
364         37.33954396205449        2.23606797749979                                 5
365         37.33954396205449        2.23606797749979                                 5
366         37.33954396205449        2.23606797749979                                 5
367         36.31384697257684        0.0                                 0
368         36.289518741327115        0.0                                 0
369         36.289518741327115        2.23606797749979                                 5
370         36.289518741327115        2.23606797749979                                 5
371         36.23464823810065        0.0                                 0
372         36.23464823810065        2.23606797749979                                 5
373         36.23464823810065        2.23606797749979                                 5
374         36.23464823810065        2.23606797749979                                 5
375         35.448639052700585        0.0                                 0
376         35.448639052700585        2.23606797749979                                 5
377         35.398525341489545        0.0                                 0
378         35.398525341489545        2.23606797749979                                 5
379         35.398525341489545        2.23606797749979                                 5
380         35.398525341489545        2.23606797749979                                 5
381         35.398525341489545        2.23606797749979                                 5
382         35.398525341489545        2.23606797749979                                 5
383         35.398525341489545        2.23606797749979                                 5
384         35.398525341489545        2.23606797749979                                 5
385         35.398525341489545        2.23606797749979                                 5
386         35.398525341489545        2.23606797749979                                 5
387         35.398525341489545        2.23606797749979                                 5
388         35.398525341489545        2.23606797749979                                 5
389         35.398525341489545        2.23606797749979                                 5
390         35.398525341489545        2.23606797749979                                 5
391         35.398525341489545        2.23606797749979                                 5
392         35.398525341489545        2.23606797749979                                 5
393         35.31072838925182        0.0                                 0
394         35.31072838925182        2.23606797749979                                 5
395         35.31072838925182        2.23606797749979                                 5
396         35.31072838925182        2.23606797749979                                 5
397         35.31072838925182        2.23606797749979                                 5
398         35.31072838925182        2.23606797749979                                 5
399         35.31072838925182        2.23606797749979                                 5
400         35.31072838925182        2.23606797749979                                 5
401         35.31072838925182        2.23606797749979                                 5
402         35.31072838925182        2.23606797749979                                 5
403         35.31072838925182        2.23606797749979                                 5
404         35.31072838925182        2.23606797749979                                 5
405         35.31072838925182        2.23606797749979                                 5
406         35.31072838925182        2.23606797749979                                 5
407         35.31072838925182        2.23606797749979                                 5
408         35.31072838925182        2.23606797749979                                 5
409         35.31072838925182        2.23606797749979                                 5
410         35.31072838925182        2.23606797749979                                 5
411         34.29506765324382        0.0                                 0
412         34.29506765324382        2.23606797749979                                 5
413         34.29506765324382        2.23606797749979                                 5
414         34.29506765324382        2.23606797749979                                 5
415         34.29506765324382        2.23606797749979                                 5
416         34.29506765324382        2.23606797749979                                 5
417         34.29506765324382        2.23606797749979                                 5
418         34.29506765324382        2.23606797749979                                 5
419         34.29506765324382        2.23606797749979                                 5
420         34.294805636673644        0.0                                 0
421         34.294805636673644        2.23606797749979                                 5
422         34.294805636673644        2.23606797749979                                 5
423         34.294805636673644        2.23606797749979                                 5
424         31.139014051948813        0.0                                 0
425         31.139014051948813        2.23606797749979                                 5
426         31.139014051948813        2.23606797749979                                 5
427         31.139014051948813        2.23606797749979                                 5
428         31.139014051948813        2.23606797749979                                 5
429         31.139014051948813        2.23606797749979                                 5
430         31.137067119471574        0.0                                 0
431         30.125889273985237        0.0                                 0
432         30.125889273985237        2.23606797749979                                 5
433         30.125889273985237        2.23606797749979                                 5
434         30.125889273985237        2.23606797749979                                 5
435         30.125889273985237        2.23606797749979                                 5
436         30.02336240924511        0.0                                 0
437         30.02336240924511        2.23606797749979                                 5
438         30.02336240924511        2.23606797749979                                 5
439         30.02336240924511        2.23606797749979                                 5
440         30.02336240924511        2.23606797749979                                 5
441         30.02336240924511        2.23606797749979                                 5
442         30.02336240924511        2.23606797749979                                 5
443         30.02336240924511        2.23606797749979                                 5
444         30.02336240924511        2.23606797749979                                 5
445         30.02336240924511        2.23606797749979                                 5
446         30.02336240924511        2.23606797749979                                 5
447         30.02336240924511        2.23606797749979                                 5
448         30.02336240924511        2.23606797749979                                 5
449         30.02336240924511        2.23606797749979                                 5
450         30.02336240924511        2.23606797749979                                 5
451         30.02336240924511        2.23606797749979                                 5
452         30.02336240924511        2.23606797749979                                 5
453         30.02336240924511        2.23606797749979                                 5
454         30.02336240924511        2.23606797749979                                 5
455         30.02336240924511        2.23606797749979                                 5
456         30.02336240924511        2.23606797749979                                 5
457         29.974550373697035        0.0                                 0
458         29.974550373697035        2.23606797749979                                 5
459         29.655463903110025        0.0                                 0
460         29.655463903110025        2.23606797749979                                 5
461         29.655463903110025        2.23606797749979                                 5
462         29.655463903110025        2.23606797749979                                 5
463         29.655463903110025        2.23606797749979                                 5
464         29.655463903110025        2.23606797749979                                 5
465         29.655463903110025        2.23606797749979                                 5
466         29.655463903110025        2.23606797749979                                 5
467         29.655463903110025        2.23606797749979                                 5
468         29.655463903110025        2.23606797749979                                 5
469         29.655463903110025        1.7320508075688772                                 3
470         29.655463903110025        2.23606797749979                                 5
471         29.655463903110025        2.23606797749979                                 5
472         29.655463903110025        2.23606797749979                                 5
473         29.655463903110025        2.23606797749979                                 5
474         29.655463903110025        2.23606797749979                                 5
475         29.655463903110025        2.23606797749979                                 5
476         29.655463903110025        2.23606797749979                                 5
477         29.655463903110025        2.23606797749979                                 5
478         29.655463903110025        2.23606797749979                                 5
479         29.655463903110025        2.23606797749979                                 5
480         29.655463903110025        2.23606797749979                                 5
481         29.655463903110025        2.23606797749979                                 5
482         29.655463903110025        2.23606797749979                                 5
483         29.638814019102092        0.0                                 0
484         29.485268824218814        0.0                                 0
485         29.485268824218814        2.23606797749979                                 5
486         29.485268824218814        2.23606797749979                                 5
487         29.485268824218814        2.23606797749979                                 5
488         29.485268824218814        2.23606797749979                                 5
489         29.485268824218814        2.23606797749979                                 5
490         29.485268824218814        2.23606797749979                                 5
491         29.485268824218814        2.23606797749979                                 5
492         29.485268824218814        2.23606797749979                                 5
493         29.485268824218814        2.23606797749979                                 5
494         29.485268824218814        2.23606797749979                                 5
495         29.485268824218814        2.23606797749979                                 5
496         29.485268824218814        2.23606797749979                                 5
497         29.485268824218814        2.23606797749979                                 5
498         29.485268824218814        2.23606797749979                                 5
499         29.485268824218814        2.23606797749979                                 5
500         29.485268824218814        2.23606797749979                                 5
501         29.485268824218814        2.23606797749979                                 5
502         29.485268824218814        2.23606797749979                                 5
503         29.485268824218814        2.23606797749979                                 5
504         29.48471784482549        0.0                                 0
505         29.48471784482549        2.23606797749979                                 5
506         29.48471784482549        2.23606797749979                                 5
507         29.48471784482549        2.23606797749979                                 5
508         29.477074772282016        0.0                                 0
509         29.45994206615959        0.0                                 0
510         29.45994206615959        2.23606797749979                                 5
511         29.45994206615959        2.23606797749979                                 5
512         29.45994206615959        2.23606797749979                                 5
513         29.45994206615959        2.23606797749979                                 5
514         29.45994206615959        2.23606797749979                                 5
515         29.45994206615959        2.23606797749979                                 5
516         29.45994206615959        2.23606797749979                                 5
517         29.45994206615959        2.23606797749979                                 5
518         29.329180293704233        0.0                                 0
519         29.329180293704233        2.23606797749979                                 5
520         29.329180293704233        2.23606797749979                                 5
521         29.329180293704233        2.23606797749979                                 5
522         29.329180293704233        2.23606797749979                                 5
523         29.329180293704233        2.23606797749979                                 5
524         29.329180293704233        2.23606797749979                                 5
525         29.329180293704233        2.23606797749979                                 5
526         29.329180293704233        2.23606797749979                                 5
527         29.329180293704233        2.23606797749979                                 5
528         29.329180293704233        2.23606797749979                                 5
529         29.329180293704233        2.23606797749979                                 5
530         29.329180293704233        2.23606797749979                                 5
531         29.329180293704233        2.23606797749979                                 5
532         29.329180293704233        2.23606797749979                                 5
533         29.329180293704233        2.23606797749979                                 5
534         29.329180293704233        2.23606797749979                                 5
535         29.329180293704233        2.23606797749979                                 5
536         29.329180293704233        2.23606797749979                                 5
537         29.329180293704233        2.23606797749979                                 5
538         29.329180293704233        2.23606797749979                                 5
539         29.329180293704233        2.23606797749979                                 5
540         29.289115308547263        0.0                                 0
541         29.289115308547263        2.23606797749979                                 5
542         29.289115308547263        2.23606797749979                                 5
543         29.289115308547263        2.23606797749979                                 5
544         29.289115308547263        2.23606797749979                                 5
545         29.289115308547263        2.23606797749979                                 5
546         29.289115308547263        2.23606797749979                                 5
547         29.289115308547263        2.23606797749979                                 5
548         29.289115308547263        2.23606797749979                                 5
549         29.289115308547263        2.23606797749979                                 5
550         29.18741191510379        0.0                                 0
551         29.18741191510379        2.23606797749979                                 5
552         29.18741191510379        2.23606797749979                                 5
553         29.18741191510379        2.23606797749979                                 5
554         28.97310339976094        0.0                                 0
555         27.94910146290393        0.0                                 0
556         27.94910146290393        2.23606797749979                                 5
557         27.94910146290393        2.23606797749979                                 5
558         27.94910146290393        2.23606797749979                                 5
559         27.94910146290393        2.23606797749979                                 5
560         27.94910146290393        2.23606797749979                                 5
561         27.94910146290393        2.23606797749979                                 5
562         27.94910146290393        2.23606797749979                                 5
563         27.94910146290393        2.23606797749979                                 5
564         27.94910146290393        2.23606797749979                                 5
565         27.94910146290393        2.23606797749979                                 5
566         27.223376077342227        0.0                                 0
567         27.223376077342227        2.23606797749979                                 5
568         27.221174900668334        0.0                                 0
569         26.470427317626783        0.0                                 0
570         26.470427317626783        2.23606797749979                                 5
571         26.07912571423871        0.0                                 0
572         26.07912571423871        2.23606797749979                                 5
573         26.07912571423871        2.23606797749979                                 5
574         25.95846952359378        0.0                                 0
575         25.95846952359378        2.23606797749979                                 5
576         25.95846952359378        2.23606797749979                                 5
577         25.95846952359378        2.23606797749979                                 5
578         25.95846952359378        2.23606797749979                                 5
579         25.95846952359378        2.23606797749979                                 5
580         25.95846952359378        2.23606797749979                                 5
581         25.95846952359378        2.23606797749979                                 5
582         25.95846952359378        2.23606797749979                                 5
583         25.59900997223028        0.0                                 0
584         25.59900997223028        2.23606797749979                                 5
585         25.59900997223028        2.23606797749979                                 5
586         25.59900997223028        2.23606797749979                                 5
587         25.59900997223028        2.23606797749979                                 5
588         25.59900997223028        2.23606797749979                                 5
589         25.59900997223028        2.23606797749979                                 5
590         25.59900997223028        2.23606797749979                                 5
591         25.59900997223028        2.23606797749979                                 5
592         25.59900997223028        2.23606797749979                                 5
593         25.59900997223028        2.23606797749979                                 5
594         25.59900997223028        2.23606797749979                                 5
595         25.59900997223028        2.23606797749979                                 5
596         25.59900997223028        2.23606797749979                                 5
597         25.59900997223028        2.23606797749979                                 5
598         25.59900997223028        2.23606797749979                                 5
599         25.59900997223028        2.23606797749979                                 5
600         25.59900997223028        2.23606797749979                                 5
601         25.59900997223028        2.23606797749979                                 5
602         25.59900997223028        2.23606797749979                                 5
603         25.59900997223028        2.23606797749979                                 5
604         23.825405555318074        0.0                                 0
605         23.825405555318074        2.23606797749979                                 5
606         23.825405555318074        2.23606797749979                                 5
607         23.825405555318074        2.23606797749979                                 5
608         23.825405555318074        2.23606797749979                                 5
609         23.825405555318074        2.23606797749979                                 5
610         23.825405555318074        2.23606797749979                                 5
611         23.825405555318074        2.23606797749979                                 5
612         23.825405555318074        2.23606797749979                                 5
613         23.800834306290994        0.0                                 0
614         23.800834306290994        2.23606797749979                                 5
615         23.800834306290994        2.23606797749979                                 5
616         23.800834306290994        2.23606797749979                                 5
617         23.800834306290994        2.23606797749979                                 5
618         23.800834306290994        2.23606797749979                                 5
619         23.800834306290994        2.23606797749979                                 5
620         23.800834306290994        2.23606797749979                                 5
621         23.800834306290994        2.23606797749979                                 5
622         23.750287226412226        0.0                                 0
623         23.750287226412226        2.23606797749979                                 5
624         23.750287226412226        2.23606797749979                                 5
625         20.87732129441093        0.0                                 0
626         20.87732129441093        2.23606797749979                                 5
627         20.87732129441093        2.23606797749979                                 5
628         20.868595320902845        0.0                                 0
629         20.868595320902845        2.23606797749979                                 5
630         20.868595320902845        2.23606797749979                                 5
631         20.868595320902845        2.23606797749979                                 5
632         20.868595320902845        2.23606797749979                                 5
633         20.868595320902845        2.23606797749979                                 5
634         20.868595320902845        2.23606797749979                                 5
635         20.868595320902845        2.23606797749979                                 5
636         20.868595320902845        2.23606797749979                                 5
637         20.866989756683797        0.0                                 0
638         20.851269313685        0.0                                 0
639         20.851269313685        2.23606797749979                                 5
640         20.851269313685        2.23606797749979                                 5
641         20.851269313685        2.23606797749979                                 5
642         20.851269313685        2.23606797749979                                 5
643         20.851269313685        2.23606797749979                                 5
644         20.851269313685        2.23606797749979                                 5
645         20.851269313685        2.23606797749979                                 5
646         20.851269313685        2.23606797749979                                 5
647         20.851269313685        2.23606797749979                                 5
648         20.851269313685        2.23606797749979                                 5
649         20.851269313685        2.23606797749979                                 5
650         20.851269313685        2.23606797749979                                 5
651         20.694350382461767        0.0                                 0
652         20.694350382461767        2.23606797749979                                 5
653         20.694350382461767        2.23606797749979                                 5
654         20.694350382461767        2.23606797749979                                 5
655         20.694350382461767        2.23606797749979                                 5
656         20.694350382461767        2.23606797749979                                 5
657         20.694350382461767        2.23606797749979                                 5
658         20.690993829535653        0.0                                 0
659         20.690993829535653        2.23606797749979                                 5
660         20.690993829535653        2.23606797749979                                 5
661         20.690993829535653        2.23606797749979                                 5
662         20.690993829535653        2.23606797749979                                 5
663         20.690993829535653        2.23606797749979                                 5
664         20.690993829535653        2.23606797749979                                 5
665         20.690993829535653        2.23606797749979                                 5
666         20.690993829535653        2.23606797749979                                 5
667         20.690993829535653        2.23606797749979                                 5
668         20.690993829535653        2.23606797749979                                 5
669         20.690993829535653        2.23606797749979                                 5
670         20.690993829535653        2.23606797749979                                 5
671         20.669482806957735        0.0                                 0
672         20.669482806957735        2.23606797749979                                 5
673         20.64956979304922        0.0                                 0
674         20.64956979304922        2.23606797749979                                 5
675         20.620208241161915        0.0                                 0
676         20.620208241161915        2.23606797749979                                 5
677         20.620208241161915        2.23606797749979                                 5
678         20.620208241161915        2.23606797749979                                 5
679         20.620208241161915        2.23606797749979                                 5
680         20.620208241161915        2.23606797749979                                 5
681         20.620208241161915        2.23606797749979                                 5
682         20.620208241161915        2.23606797749979                                 5
683         20.620208241161915        2.23606797749979                                 5
684         20.620208241161915        2.23606797749979                                 5
685         20.620208241161915        2.23606797749979                                 5
686         20.620208241161915        2.23606797749979                                 5
687         20.620208241161915        2.23606797749979                                 5
688         20.620208241161915        2.23606797749979                                 5
689         20.620208241161915        2.23606797749979                                 5
690         20.620208241161915        2.23606797749979                                 5
691         20.620208241161915        2.23606797749979                                 5
692         20.620208241161915        2.23606797749979                                 5
693         20.620208241161915        2.23606797749979                                 5
694         20.619147883184823        0.0                                 0
695         20.619147883184823        2.23606797749979                                 5
696         20.619147883184823        2.23606797749979                                 5
697         20.619147883184823        2.23606797749979                                 5
698         20.59776199994799        0.0                                 0
699         20.59776199994799        2.23606797749979                                 5
700         20.59776199994799        2.23606797749979                                 5
701         20.59776199994799        2.23606797749979                                 5
702         20.59776199994799        2.23606797749979                                 5
703         20.435851357089298        0.0                                 0
704         20.39139420241714        0.0                                 0
705         20.39139420241714        2.23606797749979                                 5
706         20.25572273027705        0.0                                 0
707         20.25571905051053        0.0                                 0
708         20.25571905051053        2.23606797749979                                 5
709         17.568346505661914        0.0                                 0
710         17.568346505661914        2.23606797749979                                 5
711         17.568346505661914        2.23606797749979                                 5
712         17.568346505661914        2.23606797749979                                 5
713         17.568346505661914        2.23606797749979                                 5
714         17.568346505661914        2.23606797749979                                 5
715         17.568346505661914        2.23606797749979                                 5
716         17.568346505661914        2.23606797749979                                 5
717         17.568346505661914        2.23606797749979                                 5
718         17.56832733116554        0.0                                 0
719         17.56832733116554        2.23606797749979                                 5
720         17.56832733116554        2.23606797749979                                 5
721         17.37429277051647        0.0                                 0
722         17.37429277051647        2.23606797749979                                 5
723         17.37429277051647        2.23606797749979                                 5
724         17.36289531772515        0.0                                 0
725         17.36289531772515        2.23606797749979                                 5
726         17.36289531772515        2.23606797749979                                 5
727         17.36289531772515        2.23606797749979                                 5
728         17.36289531772515        2.23606797749979                                 5
729         17.36289531772515        2.23606797749979                                 5
730         17.36289531772515        2.23606797749979                                 5
731         17.36289531772515        2.23606797749979                                 5
732         17.36289531772515        2.23606797749979                                 5
733         17.36289531772515        2.23606797749979                                 5
734         17.36289531772515        2.23606797749979                                 5
735         17.36289531772515        2.23606797749979                                 5
736         17.36289531772515        2.23606797749979                                 5
737         16.24202139115281        0.0                                 0
738         16.24202139115281        2.23606797749979                                 5
739         16.24202139115281        2.23606797749979                                 5
740         16.24202139115281        2.23606797749979                                 5
741         16.24202139115281        2.23606797749979                                 5
742         16.24202139115281        2.23606797749979                                 5
743         16.24202139115281        2.23606797749979                                 5
744         16.24202139115281        2.23606797749979                                 5
745         16.24202139115281        2.23606797749979                                 5
746         16.24202139115281        2.23606797749979                                 5
747         16.24202139115281        2.23606797749979                                 5
748         16.24202139115281        2.23606797749979                                 5
749         16.24202139115281        2.23606797749979                                 5
750         16.24202139115281        2.23606797749979                                 5
751         16.24202139115281        2.23606797749979                                 5
752         16.24202139115281        2.23606797749979                                 5
753         16.24202139115281        2.23606797749979                                 5
754         15.887259902721453        0.0                                 0
755         15.887259902721453        2.23606797749979                                 5
756         15.887259902721453        2.23606797749979                                 5
757         15.887259902721453        2.23606797749979                                 5
758         15.887259902721453        2.23606797749979                                 5
759         15.887259902721453        2.23606797749979                                 5
760         15.887259902721453        2.23606797749979                                 5
761         15.887259902721453        2.23606797749979                                 5
762         15.887259902721453        2.23606797749979                                 5
763         15.887259902721453        2.23606797749979                                 5
764         15.887259902721453        2.23606797749979                                 5
765         15.887259902721453        2.23606797749979                                 5
766         15.887259902721453        2.23606797749979                                 5
767         15.887259902721453        2.23606797749979                                 5
768         15.887259902721453        2.23606797749979                                 5
769         15.887259902721453        2.23606797749979                                 5
770         15.887259902721453        2.23606797749979                                 5
771         15.887259902721453        2.23606797749979                                 5
772         15.887259902721453        2.23606797749979                                 5
773         15.887259902721453        2.23606797749979                                 5
774         15.887259902721453        2.23606797749979                                 5
775         15.887259902721453        2.23606797749979                                 5
776         15.887259902721453        2.23606797749979                                 5
777         15.887259902721453        1.7320508075688772                                 3
778         15.887259902721453        2.23606797749979                                 5
779         15.887259902721453        2.23606797749979                                 5
780         15.887259902721453        2.23606797749979                                 5
781         15.887259902721453        2.23606797749979                                 5
782         15.887259902721453        2.23606797749979                                 5
783         15.887259902721453        2.23606797749979                                 5
784         15.887259902721453        2.23606797749979                                 5
785         15.887259902721453        2.23606797749979                                 5
786         15.885356945106018        0.0                                 0
787         15.885356945106018        2.23606797749979                                 5
788         15.88514504776321        0.0                                 0
789         15.88514504776321        2.23606797749979                                 5
790         15.88514504776321        2.23606797749979                                 5
791         15.88514504776321        2.23606797749979                                 5
792         15.88514504776321        2.23606797749979                                 5
793         15.88514504776321        2.23606797749979                                 5
794         15.88514504776321        2.23606797749979                                 5
795         15.868887262138735        0.0                                 0
796         15.868887262138735        2.23606797749979                                 5
797         15.868887262138735        2.23606797749979                                 5
798         15.868887262138735        2.23606797749979                                 5
799         15.868887262138735        2.23606797749979                                 5
800         15.868887262138735        2.23606797749979                                 5
801         15.868887262138735        2.23606797749979                                 5
802         15.868887262138735        2.23606797749979                                 5
803         15.868887262138735        2.23606797749979                                 5
804         15.868887262138735        2.23606797749979                                 5
805         15.868887262138735        2.23606797749979                                 5
806         15.868887262138735        2.23606797749979                                 5
807         15.868887262138735        2.23606797749979                                 5
808         15.86002897796046        0.0                                 0
809         15.86002897796046        2.23606797749979                                 5
810         15.86002897796046        2.23606797749979                                 5
811         15.86002897796046        2.23606797749979                                 5
812         15.86002897796046        2.23606797749979                                 5
813         15.86002897796046        2.23606797749979                                 5
814         15.86002897796046        2.23606797749979                                 5
815         15.86002897796046        2.23606797749979                                 5
816         15.86002897796046        2.23606797749979                                 5
817         15.86002897796046        2.23606797749979                                 5
818         15.86002897796046        2.23606797749979                                 5
819         15.86002897796046        2.23606797749979                                 5
820         15.86002897796046        2.23606797749979                                 5
821         15.86002897796046        2.23606797749979                                 5
822         15.86002897796046        2.23606797749979                                 5
823         15.86002897796046        2.23606797749979                                 5
824         15.86002897796046        2.23606797749979                                 5
825         15.86002897796046        2.23606797749979                                 5
826         15.86002897796046        2.23606797749979                                 5
827         15.86002897796046        2.23606797749979                                 5
828         15.86002897796046        2.23606797749979                                 5
829         15.86002897796046        2.23606797749979                                 5
830         15.86002897796046        2.23606797749979                                 5
831         15.86002897796046        2.23606797749979                                 5
832         15.86002897796046        2.23606797749979                                 5
833         15.86002897796046        2.23606797749979                                 5
834         15.86002897796046        2.23606797749979                                 5
835         15.806399577002054        0.0                                 0
836         15.806399577002054        2.23606797749979                                 5
837         15.806399577002054        2.23606797749979                                 5
838         15.806399577002054        2.23606797749979                                 5
839         15.806399577002054        2.23606797749979                                 5
840         15.798876576046538        0.0                                 0
841         15.798876576046538        2.23606797749979                                 5
842         15.791138795251712        0.0                                 0
843         15.791138795251712        2.23606797749979                                 5
844         15.781997253468816        0.0                                 0
845         15.781997253468816        2.23606797749979                                 5
846         15.781997253468816        2.23606797749979                                 5
847         15.781997253468816        2.23606797749979                                 5
848         15.781997253468816        2.23606797749979                                 5
849         15.781997253468816        2.23606797749979                                 5
850         15.781997253468816        2.23606797749979                                 5
851         15.781997253468816        2.23606797749979                                 5
852         15.781997253468816        2.23606797749979                                 5
853         15.781997253468816        2.23606797749979                                 5
854         15.781997253468816        2.23606797749979                                 5
855         15.781997253468816        2.23606797749979                                 5
856         15.354835606049221        0.0                                 0
857         15.354835606049221        2.23606797749979                                 5
858         15.354835606049221        2.23606797749979                                 5
859         15.354835606049221        2.23606797749979                                 5
860         15.354835606049221        2.23606797749979                                 5
861         15.354835606049221        2.23606797749979                                 5
862         15.354835606049221        2.23606797749979                                 5
863         15.346735832300055        0.0                                 0
864         15.346735832300055        2.23606797749979                                 5
865         15.346735832300055        2.23606797749979                                 5
866         15.346735832300055        2.23606797749979                                 5
867         15.34270207084333        0.0                                 0
868         15.34270207084333        2.23606797749979                                 5
869         15.34270207084333        2.23606797749979                                 5
870         15.34270207084333        1.7320508075688772                                 3
871         15.34270207084333        2.23606797749979                                 5
872         15.34270207084333        2.23606797749979                                 5
873         15.34270207084333        2.23606797749979                                 5
874         15.270571502122436        0.0                                 0
875         15.270571502122436        1.7320508075688772                                 3
876         15.270571502122436        2.23606797749979                                 5
877         15.270571502122436        2.23606797749979                                 5
878         15.270571502122436        2.23606797749979                                 5
879         15.270571502122436        2.23606797749979                                 5
880         15.270571502122436        2.23606797749979                                 5
881         15.270571502122436        2.23606797749979                                 5
882         15.270571502122436        2.23606797749979                                 5
883         15.270571502122436        2.23606797749979                                 5
884         15.270571502122436        2.23606797749979                                 5
885         15.270571502122436        2.23606797749979                                 5
886         15.270571502122436        2.23606797749979                                 5
887         15.270571502122436        2.23606797749979                                 5
888         15.270571502122436        2.23606797749979                                 5
889         15.270571502122436        2.23606797749979                                 5
890         15.270571502122436        2.23606797749979                                 5
891         15.270571502122436        2.23606797749979                                 5
892         15.26747972536555        0.0                                 0
893         15.26747972536555        2.23606797749979                                 5
894         15.26747972536555        2.23606797749979                                 5
895         15.26747972536555        2.23606797749979                                 5
896         15.26747972536555        2.23606797749979                                 5
897         15.26747972536555        2.23606797749979                                 5
898         15.26747972536555        2.23606797749979                                 5
899         15.26747972536555        2.23606797749979                                 5
900         15.26747972536555        2.23606797749979                                 5
901         15.26747972536555        2.23606797749979                                 5
902         15.26747972536555        2.23606797749979                                 5
903         15.26747972536555        2.23606797749979                                 5
904         15.26747972536555        2.23606797749979                                 5
905         15.26747972536555        2.23606797749979                                 5
906         15.26747972536555        2.23606797749979                                 5
907         15.26747972536555        2.23606797749979                                 5
908         15.26747972536555        2.23606797749979                                 5
909         15.26747972536555        2.23606797749979                                 5
910         15.26747972536555        2.23606797749979                                 5
911         15.26747972536555        2.23606797749979                                 5
912         15.26747972536555        2.23606797749979                                 5
913         15.26521250925234        0.0                                 0
914         15.26521250925234        2.23606797749979                                 5
915         15.26521250925234        2.23606797749979                                 5
916         15.26521250925234        2.23606797749979                                 5
917         15.244142200459724        0.0                                 0
918         15.244142200459724        2.23606797749979                                 5
919         15.244142200459724        2.23606797749979                                 5
920         15.244142200459724        2.23606797749979                                 5
921         15.244142200459724        2.23606797749979                                 5
922         15.244142200459724        2.23606797749979                                 5
923         15.244142200459724        2.23606797749979                                 5
924         15.244142200459724        2.23606797749979                                 5
925         15.244142200459724        2.23606797749979                                 5
926         15.244142200459724        2.23606797749979                                 5
927         15.244142200459724        2.23606797749979                                 5
928         15.244142200459724        2.23606797749979                                 5
929         15.244142200459724        2.23606797749979                                 5
930         15.244142200459724        2.23606797749979                                 5
931         15.244142200459724        2.23606797749979                                 5
932         15.22706835433722        0.0                                 0
933         15.22706835433722        2.23606797749979                                 5
934         15.22706835433722        2.23606797749979                                 5
935         15.22706835433722        2.23606797749979                                 5
936         15.22706835433722        2.23606797749979                                 5
937         15.22706835433722        1.7320508075688772                                 3
938         15.22706835433722        1.7320508075688772                                 3
939         15.22706835433722        2.23606797749979                                 5
940         15.22706835433722        2.23606797749979                                 5
941         15.22706835433722        2.23606797749979                                 5
942         15.22706835433722        2.23606797749979                                 5
943         15.22577229423936        0.0                                 0
944         15.22577229423936        2.23606797749979                                 5
945         15.22577229423936        2.23606797749979                                 5
946         15.22577229423936        2.23606797749979                                 5
947         15.22577229423936        2.23606797749979                                 5
948         15.22577229423936        2.23606797749979                                 5
949         15.22577229423936        2.23606797749979                                 5
950         15.22577229423936        2.23606797749979                                 5
951         15.22577229423936        2.23606797749979                                 5
952         15.22577229423936        1.7320508075688772                                 3
953         15.22577229423936        2.23606797749979                                 5
954         15.22577229423936        1.7320508075688772                                 3
955         15.22577229423936        2.23606797749979                                 5
956         15.22577229423936        2.23606797749979                                 5
957         15.22577229423936        2.23606797749979                                 5
958         15.22577229423936        2.23606797749979                                 5
959         15.22577229423936        2.23606797749979                                 5
960         15.22577229423936        2.23606797749979                                 5
961         15.22577229423936        2.23606797749979                                 5
962         15.22577229423936        2.23606797749979                                 5
963         15.22577229423936        2.23606797749979                                 5
964         15.076482385038105        0.0                                 0
965         15.076482385038105        2.23606797749979                                 5
966         15.076482385038105        2.23606797749979                                 5
967         15.076482385038105        2.23606797749979                                 5
968         15.076482385038105        2.23606797749979                                 5
969         15.076482385038105        2.23606797749979                                 5
970         15.076482385038105        2.23606797749979                                 5
971         15.076482385038105        2.23606797749979                                 5
972         15.076482385038105        2.23606797749979                                 5
973         15.076482385038105        2.23606797749979                                 5
974         15.076482385038105        2.23606797749979                                 5
975         15.076482385038105        2.23606797749979                                 5
976         15.076482385038105        2.23606797749979                                 5
977         15.076482385038105        2.23606797749979                                 5
978         15.076482385038105        2.23606797749979                                 5
979         15.076482385038105        2.23606797749979                                 5
980         15.076482385038105        2.23606797749979                                 5
981         15.076482385038105        2.23606797749979                                 5
982         15.076482385038105        2.23606797749979                                 5
983         15.076482385038105        2.23606797749979                                 5
984         15.076482385038105        2.23606797749979                                 5
985         15.076482385038105        2.23606797749979                                 5
986         15.076482385038105        2.23606797749979                                 5
987         15.072203772706832        0.0                                 0
988         15.072203772706832        2.23606797749979                                 5
989         15.072203772706832        2.23606797749979                                 5
990         15.072203772706832        2.23606797749979                                 5
991         15.072203772706832        2.23606797749979                                 5
992         14.973409874299552        0.0                                 0
993         14.973409874299552        2.23606797749979                                 5
994         14.973409874299552        2.23606797749979                                 5
995         14.973409874299552        2.23606797749979                                 5
996         14.973409874299552        2.23606797749979                                 5
997         14.973409874299552        2.23606797749979                                 5
998         14.973409874299552        2.23606797749979                                 5
999         14.973409874299552        2.23606797749979                                 5
// Funcion: rastrigin Enfriamiento: exponencial Semilla: 257406286