iteracion  mejor_solucion    distancia_euclidiana                 distancia_hamming
0         239.7536569121608        0.0                                 0
1         239.7536569121608        0.0                                 0
2         244.6591799603259        0.0                                 0
3         251.10201033045965        0.0                                 0
4         262.49585194759777        0.0                                 0
5         262.54903198813        0.0                                 0
6         262.609039074185        0.0                                 0
7         269.92314582765624        0.0                                 0
8         264.3825054121572        0.0                                 0
9         264.3825054121572        0.0                                 0
10         261.73525027017683        0.0                                 0
11         261.4473024479972        0.0                                 0
12         261.4473024479972        0.0                                 0
13         260.31996663080724        0.0                                 0
14         260.31996663080724        0.0                                 0
15         268.7809240122433        0.0                                 0
16         268.7663943139865        0.0                                 0
17         252.20595523618957        0.0                                 0
18         252.20595523618957        0.0                                 0
19         258.10299070870553        0.0                                 0
20         269.7082473674144        0.0                                 0
21         271.56776621882335        0.0                                 0
22         271.56776621882335        0.0                                 0
23         271.93781117231055        0.0                                 0
24         273.1600753883427        0.0                                 0
25         273.111760116527        0.0                                 0
26         273.111760116527        0.0                                 0
27         242.65150468722095        0.0                                 0
28         242.26931404125907        0.0                                 0
29         242.26931404125907        0.0                                 0
30         230.49766150213782        0.0                                 0
31         230.49766150213782        0.0                                 0
32         230.52324067012194        0.0                                 0
33         234.6887520242176        0.0                                 0
34         238.38751619878454        0.0                                 0
35         231.5808417764812        0.0                                 0
36         231.5808417764812        0.0                                 0
37         231.54923639349968        0.0                                 0
38         231.54923639349968        0.0                                 0
39         232.5392974878035        0.0                                 0
40         249.14872802872426        0.0                                 0
41         245.352245507045        0.0                                 0
42         245.352245507045        0.0                                 0
43         264.79134781806994        0.0                                 0
44         264.85240390176807        0.0                                 0
45         256.2639793764471        0.0                                 0
46         255.07998515763882        0.0                                 0
47         255.07998515763882        0.0                                 0
48         261.07459386771654        0.0                                 0
49         273.6210337849363        0.0                                 0
50         269.9950275728351        0.0                                 0
51         268.8199600891499        0.0                                 0
52         267.612390017247        0.0                                 0
53         267.612390017247        0.0                                 0
54         267.8221201060373        0.0                                 0
55         267.79461744298595        0.0                                 0
56         267.4885196566401        0.0                                 0
57         267.4885196566401        0.0                                 0
58         280.44922894327584        0.0                                 0
59         280.6210671278803        0.0                                 0
60         284.2657874643526        0.0                                 0
61         284.4069566461667        0.0                                 0
62         282.96267221992457        0.0                                 0
63         282.96267221992457        0.0                                 0
64         297.1247512517524        0.0                                 0
65         297.1247512517524        0.0                                 0
66         301.60974371247823        0.0                                 0
67         305.47880115358697        0.0                                 0
68         307.51552466875415        0.0                                 0
69         307.51552466875415        0.0                                 0
70         296.63407824973433        0.0                                 0
71         296.63407824973433        0.0                                 0
72         297.49024816472155        0.0                                 0
73         295.8471256921003        0.0                                 0
74         295.8471256921003        2.23606797749979                                 5
75         294.0838366897769        0.0                                 0
76         294.0838366897769        0.0                                 0
77         294.30532594025794        0.0                                 0
78         295.1833977146726        0.0                                 0
79         296.3808195952079        0.0                                 0
80         295.960072049875        0.0                                 0
81         295.85457859381705        0.0                                 0
82         295.85457859381705        0.0                                 0
83         293.9918180488517        0.0                                 0
84         289.6650393112096        0.0                                 0
85         289.6650393112096        0.0                                 0
86         290.9365682266626        0.0                                 0
87         288.2216026392052        0.0                                 0
88         275.7082010634399        0.0                                 0
89         275.7082010634399        2.23606797749979                                 5
90         275.656123150997        0.0                                 0
91         275.656123150997        0.0                                 0
92         255.19994793841855        0.0                                 0
93         241.94549304064827        0.0                                 0
94         241.93361315805328        0.0                                 0
95         240.85518363333472        0.0                                 0
96         239.81999050298845        0.0                                 0
97         239.79589455976307        0.0                                 0
98         239.79589455976307        2.23606797749979                                 5
99         239.79589455976307        0.0                                 0
100         231.20734063201974        0.0                                 0
101         231.20734063201974        0.0                                 0
102         231.36183835378145        2.23606797749979                                 5
103         231.36183835378145        0.0                                 0
104         231.36249865298768        2.23606797749979                                 5
105         231.36249865298768        2.23606797749979                                 5
106         224.52701656469057        0.0                                 0
107         224.52701656469057        0.0                                 0
108         192.18344189566787        0.0                                 0
109         178.5665148271349        0.0                                 0
110         173.74016893965162        0.0                                 0
111         162.86338109218698        0.0                                 0
112         162.86338109218698        0.0                                 0
113         162.93983233793185        0.0                                 0
114         156.12189672780636        0.0                                 0
115         156.12189672780636        2.23606797749979                                 5
116         156.12189672780636        2.23606797749979                                 5
117         147.78538980405153        0.0                                 0
118         147.78538980405153        2.23606797749979                                 5
119         136.17193742136314        0.0                                 0
120         135.05963095048878        0.0                                 0
121         135.05963095048878        2.23606797749979                                 5
122         134.91612256801093        0.0                                 0
123         134.91612256801093        2.23606797749979                                 5
124         134.91612256801093        0.0                                 0
125         132.64343495955532        0.0                                 0
126         132.64343495955532        2.23606797749979                                 5
127         132.64343495955532        0.0                                 0
128         132.85721337736118        1.7320508075688772                                 3
129         132.85721337736118        2.23606797749979                                 5
130         132.85721337736118        2.23606797749979                                 5
131         132.85721337736118        2.23606797749979                                 5
132         132.85721337736118        0.0                                 0
133         133.98293798684622        0.0                                 0
134         131.27349758924626        0.0                                 0
135         131.27349758924626        2.23606797749979                                 5
136         131.27349758924626        2.23606797749979                                 5
137         116.91736360569661        0.0                                 0
138         116.91736360569661        2.23606797749979                                 5
139         116.89949151992562        0.0                                 0
140         115.94747587710651        0.0                                 0
141         115.94747587710651        2.23606797749979                                 5
142         115.94747587710651        2.23606797749979                                 5
143         115.94747587710651        2.23606797749979                                 5
144         108.79927367689515        0.0                                 0
145         108.79927367689515        2.23606797749979                                 5
146         106.85693790106058        0.0                                 0
147         103.10012970496317        0.0                                 0
148         103.08849266765006        0.0                                 0
149         103.08849266765006        2.23606797749979                                 5
150         94.48266224723403        0.0                                 0
151         94.34198212310434        0.0                                 0
152         76.03871333530523        0.0                                 0
153         76.03871333530523        2.23606797749979                                 5
154         76.03871333530523        2.23606797749979                                 5
155         75.81153674403689        0.0                                 0
156         75.81153674403689        2.23606797749979                                 5
157         75.81153674403689        2.23606797749979                                 5
158         75.81153674403689        2.23606797749979                                 5
159         75.81153674403689        2.23606797749979                                 5
160         75.81153674403689        2.23606797749979                                 5
161         75.72272783487139        0.0                                 0
162         75.72272783487139        2.23606797749979                                 5
163         75.72272783487139        2.23606797749979                                 5
164         75.72272783487139        2.23606797749979                                 5
165         74.83200894207694        0.0                                 0
166         73.60250272928253        0.0                                 0
167         73.59775574698911        0.0                                 0
168         73.2753907063049        0.0                                 0
169         73.2753907063049        2.23606797749979                                 5
170         73.2753907063049        2.23606797749979                                 5
171         67.62025666074013        0.0                                 0
172         67.62025666074013        2.23606797749979                                 5
173         67.62025666074013        2.23606797749979                                 5
174         67.62025666074013        2.23606797749979                                 5
175         67.62025666074013        2.23606797749979                                 5
176         67.62025666074013        2.23606797749979                                 5
177         67.62025666074013        2.23606797749979                                 5
178         67.62025666074013        2.23606797749979                                 5
179         67.62025666074013        2.23606797749979                                 5
180         63.57111645024738        0.0                                 0
181         63.57111645024738        0.0                                 0
182         63.601786469710845        2.23606797749979                                 5
183         63.470496118284615        0.0                                 0
184         63.470496118284615        2.23606797749979                                 5
185         63.470496118284615        0.0                                 0
186         63.60443603618464        2.23606797749979                                 5
187         63.60443603618464        2.23606797749979                                 5
188         63.60443603618464        2.23606797749979                                 5
189         63.60443603618464        2.23606797749979                                 5
190         63.60443603618464        2.23606797749979                                 5
191         63.60443603618464        2.23606797749979                                 5
192         63.60443603618464        2.23606797749979                                 5
193         63.60443603618464        2.23606797749979                                 5
194         63.60443603618464        2.23606797749979                                 5
195         62.46949656204028        0.0                                 0
196         62.46949656204028        2.23606797749979                                 5
197         62.46949656204028        2.23606797749979                                 5
198         62.155646069605226        0.0                                 0
199         62.155646069605226        2.23606797749979                                 5
200         61.47521200997181        0.0                                 0
201         61.47521200997181        2.23606797749979                                 5
202         61.47521200997181        2.23606797749979                                 5
203         61.47521200997181        2.23606797749979                                 5
204         61.47521200997181        2.23606797749979                                 5
205         57.744426044124936        0.0                                 0
206         57.744426044124936        2.23606797749979                                 5
207         57.73568765166087        0.0                                 0
208         57.73568765166087        2.23606797749979                                 5
209         57.73568765166087        2.23606797749979                                 5
210         57.73568765166087        2.23606797749979                                 5
211         57.08935479832603        0.0                                 0
212         57.08935479832603        2.23606797749979                                 5
213         57.08935479832603        2.23606797749979                                 5
214         57.08935479832603        2.23606797749979                                 5
215         57.08935479832603        2.23606797749979                                 5
216         57.08935479832603        2.23606797749979                                 5
217         57.08935479832603        2.23606797749979                                 5
218         54.97276135605918        0.0                                 0
219         54.97276135605918        2.23606797749979                                 5
220         54.97276135605918        2.23606797749979                                 5
221         54.97276135605918        2.23606797749979                                 5
222         54.97276135605918        2.23606797749979                                 5
223         54.97276135605918        2.23606797749979                                 5
224         54.97276135605918        2.23606797749979                                 5
225         54.97276135605918        2.23606797749979                                 5
226         54.97276135605918        2.23606797749979                                 5
227         54.97276135605918        2.23606797749979                                 5
228         54.97276135605918        2.23606797749979                                 5
229         54.72330694806851        0.0                                 0
230         54.72330694806851        2.23606797749979                                 5
231         54.72330694806851        2.23606797749979                                 5
232         53.79706840002056        0.0                                 0
233         53.79706840002056        2.23606797749979                                 5
234         53.58483865385713        0.0                                 0
235         53.58483865385713        2.23606797749979                                 5
236         53.58483865385713        2.23606797749979                                 5
237         53.58483865385713        2.23606797749979                                 5
238         53.58483865385713        2.23606797749979                                 5
239         53.58483865385713        2.23606797749979                                 5
240         52.975810586399746        0.0                                 0
241         52.975810586399746        2.23606797749979                                 5
242         52.975810586399746        2.23606797749979                                 5
243         48.25441684508962        0.0                                 0
244         48.25441684508962        2.23606797749979                                 5
245         48.2541892675838        0.0                                 0
246         48.2541892675838        2.23606797749979                                 5
247         48.2541892675838        2.23606797749979                                 5
248         47.27392044885033        0.0                                 0
249         47.27392044885033        2.23606797749979                                 5
250         47.27392044885033        2.23606797749979                                 5
251         47.27392044885033        2.23606797749979                                 5
252         47.27392044885033        2.23606797749979                                 5
253         47.27392044885033        2.23606797749979                                 5
254         47.27392044885033        2.23606797749979                                 5
255         47.27392044885033        2.23606797749979                                 5
256         47.27392044885033        2.23606797749979                                 5
257         47.27392044885033        2.23606797749979                                 5
258         47.27392044885033        2.23606797749979                                 5
259         47.27392044885033        2.23606797749979                                 5
260         47.27392044885033        2.23606797749979                                 5
261         47.27392044885033        2.23606797749979                                 5
262         47.27392044885033        1.7320508075688772                                 3
263         46.35126006608904        0.0                                 0
264         46.35126006608904        2.23606797749979                                 5
265         46.35126006608904        2.23606797749979                                 5
266         46.35126006608904        2.23606797749979                                 5
267         46.35126006608904        2.23606797749979                                 5
268         46.35126006608904        2.23606797749979                                 5
269         46.22102921592018        0.0                                 0
270         46.22102921592018        2.23606797749979                                 5
271         46.22102921592018        2.23606797749979                                 5
272         46.22102921592018        2.23606797749979                                 5
273         45.769901814369504        0.0                                 0
274         45.769901814369504        2.23606797749979                                 5
275         45.769901814369504        2.23606797749979                                 5
276         45.769901814369504        2.23606797749979                                 5
277         45.769901814369504        2.23606797749979                                 5
278         45.769901814369504        2.23606797749979                                 5
279         45.769901814369504        2.23606797749979                                 5
280         45.769901814369504        2.23606797749979                                 5
281         45.769901814369504        2.23606797749979                                 5
282         45.57813964512722        0.0                                 0
283         45.57813964512722        2.23606797749979                                 5
284         45.57813964512722        2.23606797749979                                 5
285         45.57813964512722        2.23606797749979                                 5
286         45.57813964512722        2.23606797749979                                 5
287         45.34845630335319        0.0                                 0
288         45.34845630335319        2.23606797749979                                 5
289         45.34845630335319        2.23606797749979                                 5
290         45.34845630335319        1.7320508075688772                                 3
291         45.34845630335319        2.23606797749979                                 5
292         45.34845630335319        2.23606797749979                                 5
293         45.34845630335319        2.23606797749979                                 5
294         45.272465005255505        0.0                                 0
295         45.272465005255505        2.23606797749979                                 5
296         45.272465005255505        2.23606797749979                                 5
297         45.272465005255505        2.23606797749979                                 5
298         45.272465005255505        2.23606797749979                                 5
299         45.272465005255505        2.23606797749979                                 5
300         45.272465005255505        2.23606797749979                                 5
301         44.94870809702166        0.0                                 0
302         44.94870809702166        2.23606797749979                                 5
303         44.94870809702166        2.23606797749979                                 5
304         44.94870809702166        2.23606797749979                                 5
305         44.94870809702166        2.23606797749979                                 5
306         44.94870809702166        2.23606797749979                                 5
307         44.94870809702166        2.23606797749979                                 5
308         44.8722600128352        0.0                                 0
309         44.80593020113834        0.0                                 0
310         44.62262663770795        0.0                                 0
311         44.62262663770795        2.23606797749979                                 5
312         44.62262663770795        2.23606797749979                                 5
313         44.62262663770795        2.23606797749979                                 5
314         44.62262663770795        2.23606797749979                                 5
315         44.62262663770795        2.23606797749979                                 5
316         44.62262663770795        2.23606797749979                                 5
317         44.62262663770795        2.23606797749979                                 5
318         44.62262663770795        2.23606797749979                                 5
319         44.62262663770795        2.23606797749979                                 5
320         44.62262663770795        2.23606797749979                                 5
321         44.62262663770795        2.23606797749979                                 5
322         44.62262663770795        2.23606797749979                                 5
323         44.62262663770795        2.23606797749979                                 5
324         44.62262663770795        2.23606797749979                                 5
325         44.62262663770795        2.23606797749979                                 5
326         44.62262663770795        2.23606797749979                                 5
327         44.62262663770795        2.23606797749979                                 5
328         44.62262663770795        2.23606797749979                                 5
329         44.62262663770795        2.23606797749979                                 5
330         44.62262663770795        2.23606797749979                                 5
331         44.62262663770795        2.23606797749979                                 5
332         44.62262663770795        2.23606797749979                                 5
333         44.62262663770795        2.23606797749979                                 5
334         44.62262663770795        2.23606797749979                                 5
335         44.62262663770795        2.23606797749979                                 5
336         44.62262663770795        2.23606797749979                                 5
337         44.62262663770795        2.23606797749979                                 5
338         44.62262663770795        2.23606797749979                                 5
339         44.62262663770795        2.23606797749979                                 5
340         44.62262663770795        2.23606797749979                                 5
341         44.62262663770795        2.23606797749979                                 5
342         44.62262663770795        2.23606797749979                                 5
343         44.62262663770795        2.23606797749979                                 5
344         44.62262663770795        2.23606797749979                                 5
345         44.62262663770795        2.23606797749979                                 5
346         44.62262663770795        2.23606797749979                                 5
347         43.913836994521816        0.0                                 0
348         43.913836994521816        2.23606797749979                                 5
349         43.913836994521816        2.23606797749979                                 5
350         43.913836994521816        2.23606797749979                                 5
351         43.913836994521816        2.23606797749979                                 5
352         43.913836994521816        2.23606797749979                                 5
353         43.913836994521816        2.23606797749979                                 5
354         43.913836994521816        2.23606797749979                                 5
355         43.913836994521816        2.23606797749979                                 5
356         43.913836994521816        2.23606797749979                                 5
357         43.913836994521816        1.7320508075688772                                 3
358         43.913836994521816        2.23606797749979                                 5
359         43.913836994521816        2.23606797749979                                 5
360         43.913836994521816        2.23606797749979                                 5
361         43.913836994521816        2.23606797749979                                 5
362         43.913836994521816        2.23606797749979                                 5
363         43.913836994521816        2.23606797749979                                 5
364         43.89931410314898        0.0                                 0
365         43.89931410314898        2.23606797749979                                 5
366         43.244393188205834        0.0                                 0
367         43.244393188205834        2.23606797749979                                 5
368         43.244393188205834        2.23606797749979                                 5
369         43.244393188205834        2.23606797749979                                 5
370         43.244393188205834        1.7320508075688772                                 3
371         43.244393188205834        2.23606797749979                                 5
372         43.244393188205834        2.23606797749979                                 5
373         43.244393188205834        2.23606797749979                                 5
374         43.244393188205834        2.23606797749979                                 5
375         43.216436449113345        0.0                                 0
376         43.216436449113345        2.23606797749979                                 5
377         43.1531216462879        0.0                                 0
378         43.1531216462879        2.23606797749979                                 5
379         43.1531216462879        2.23606797749979                                 5
380         43.1531216462879        2.23606797749979                                 5
381         43.1531216462879        2.23606797749979                                 5
382         43.1531216462879        2.23606797749979                                 5
383         43.1531216462879        2.23606797749979                                 5
384         43.1531216462879        2.23606797749979                                 5
385         43.1531216462879        2.23606797749979                                 5
386         43.1531216462879        2.23606797749979                                 5
387         43.1531216462879        2.23606797749979                                 5
388         43.1531216462879        2.23606797749979                                 5
389         43.1531216462879        2.23606797749979                                 5
390         43.1531216462879        2.23606797749979                                 5
391         43.1531216462879        1.7320508075688772                                 3
392         43.1531216462879        1.7320508075688772                                 3
393         43.1531216462879        2.23606797749979                                 5
394         41.134746387491276        0.0                                 0
395         41.134746387491276        2.23606797749979                                 5
396         41.134746387491276        2.23606797749979                                 5
397         41.134746387491276        2.23606797749979                                 5
398         41.134746387491276        2.23606797749979                                 5
399         41.134746387491276        2.23606797749979                                 5
400         41.134746387491276        2.23606797749979                                 5
401         38.0653229510628        0.0                                 0
402         32.62765712492957        0.0                                 0
403         32.62765712492957        2.23606797749979                                 5
404         32.62765712492957        2.23606797749979                                 5
405         32.62765712492957        2.23606797749979                                 5
406         32.62765712492957        2.23606797749979                                 5
407         32.62765712492957        2.23606797749979                                 5
408         32.62765712492957        2.23606797749979                                 5
409         32.62765712492957        2.23606797749979                                 5
410         32.62765712492957        2.23606797749979                                 5
411         32.61034604839648        0.0                                 0
412         32.61034604839648        2.23606797749979                                 5
413         32.61034604839648        1.7320508075688772                                 3
414         32.61034604839648        2.23606797749979                                 5
415         32.61034604839648        2.23606797749979                                 5
416         32.61034604839648        2.23606797749979                                 5
417         32.61034604839648        2.23606797749979                                 5
418         32.61034604839648        2.23606797749979                                 5
419         32.61034604839648        2.23606797749979                                 5
420         31.777135450186705        0.0                                 0
421         31.777135450186705        2.23606797749979                                 5
422         31.777135450186705        2.23606797749979                                 5
423         31.777135450186705        2.23606797749979                                 5
424         31.777135450186705        2.23606797749979                                 5
425         31.777135450186705        2.23606797749979                                 5
426         31.777135450186705        2.23606797749979                                 5
427         31.777135450186705        2.23606797749979                                 5
428         31.777135450186705        2.23606797749979                                 5
429         31.777135450186705        2.23606797749979                                 5
430         31.777135450186705        2.23606797749979                                 5
431         31.777135450186705        2.23606797749979                                 5
432         31.777135450186705        2.23606797749979                                 5
433         31.777135450186705        2.23606797749979                                 5
434         31.777135450186705        2.23606797749979                                 5
435         31.777135450186705        2.23606797749979                                 5
436         31.777135450186705        2.23606797749979                                 5
437         31.606934208194126        0.0                                 0
438         31.606934208194126        2.23606797749979                                 5
439         31.606934208194126        2.23606797749979                                 5
440         31.60243136462831        0.0                                 0
441         31.60243136462831        2.23606797749979                                 5
442         31.60243136462831        2.23606797749979                                 5
443         31.60243136462831        2.23606797749979                                 5
444         31.60243136462831        2.23606797749979                                 5
445         31.60243136462831        2.23606797749979                                 5
446         31.60243136462831        2.23606797749979                                 5
447         31.60243136462831        2.23606797749979                                 5
448         31.60243136462831        2.23606797749979                                 5
449         31.60243136462831        2.23606797749979                                 5
450         31.60243136462831        2.23606797749979                                 5
451         31.60243136462831        2.23606797749979                                 5
452         31.516778630034835        0.0                                 0
453         31.516778630034835        2.23606797749979                                 5
454         31.516778630034835        2.23606797749979                                 5
455         31.516778630034835        2.23606797749979                                 5
456         31.516778630034835        2.23606797749979                                 5
457         31.516778630034835        2.23606797749979                                 5
458         31.180628424336007        0.0                                 0
459         31.180628424336007        2.23606797749979                                 5
460         31.172726568648514        0.0                                 0
461         31.172726568648514        2.23606797749979                                 5
462         31.172726568648514        2.23606797749979                                 5
463         28.84751050666707        0.0                                 0
464         28.84751050666707        2.23606797749979                                 5
465         28.84751050666707        2.23606797749979                                 5
466         28.84751050666707        1.7320508075688772                                 3
467         28.84751050666707        2.23606797749979                                 5
468         28.84751050666707        2.23606797749979                                 5
469         28.84751050666707        2.23606797749979                                 5
470         28.84751050666707        2.23606797749979                                 5
471         28.84751050666707        2.23606797749979                                 5
472         28.84751050666707        2.23606797749979                                 5
473         28.84751050666707        2.23606797749979                                 5
474         28.84751050666707        2.23606797749979                                 5
475         28.84751050666707        2.23606797749979                                 5
476         28.84751050666707        2.23606797749979                                 5
477         28.84751050666707        2.23606797749979                                 5
478         28.83278970489723        0.0                                 0
479         28.83278970489723        2.23606797749979                                 5
480         28.83278970489723        2.23606797749979                                 5
481         28.83278970489723        2.23606797749979                                 5
482         28.83278970489723        2.23606797749979                                 5
483         28.83278970489723        2.23606797749979                                 5
484         28.83278970489723        2.23606797749979                                 5
485         28.83278970489723        2.23606797749979                                 5
486         28.83278970489723        2.23606797749979                                 5
487         28.83278970489723        2.23606797749979                                 5
488         28.83278970489723        2.23606797749979                                 5
489         28.83278970489723        2.23606797749979                                 5
490         28.83278970489723        2.23606797749979                                 5
491         28.83278970489723        2.23606797749979                                 5
492         28.83278970489723        2.23606797749979                                 5
493         28.83278970489723        2.23606797749979                                 5
494         28.83278970489723        2.23606797749979                                 5
495         28.83278970489723        2.23606797749979                                 5
496         28.83278970489723        2.23606797749979                                 5
497         28.83278970489723        2.23606797749979                                 5
498         28.778154061151504        0.0                                 0
499         28.778154061151504        2.23606797749979                                 5
500         28.778154061151504        2.23606797749979                                 5
501         28.778154061151504        2.23606797749979                                 5
502         28.778154061151504        2.23606797749979                                 5
503         28.778154061151504        2.23606797749979                                 5
504         28.778154061151504        2.23606797749979                                 5
505         28.778154061151504        2.23606797749979                                 5
506         28.778154061151504        2.23606797749979                                 5
507         28.778154061151504        2.23606797749979                                 5
508         28.778154061151504        2.23606797749979                                 5
509         28.778154061151504        2.23606797749979                                 5
510         28.778154061151504        2.23606797749979                                 5
511         28.675031613226828        0.0                                 0
512         28.675031613226828        2.23606797749979                                 5
513         28.675031613226828        2.23606797749979                                 5
514         28.675031613226828        2.23606797749979                                 5
515         27.114237095589807        0.0                                 0
516         27.114237095589807        2.23606797749979                                 5
517         27.114237095589807        2.23606797749979                                 5
518         27.114237095589807        2.23606797749979                                 5
519         27.114237095589807        2.23606797749979                                 5
520         27.114237095589807        2.23606797749979                                 5
521         27.114237095589807        2.23606797749979                                 5
522         27.114237095589807        2.23606797749979                                 5
523         27.114237095589807        1.7320508075688772                                 3
524         27.114237095589807        2.23606797749979                                 5
525         27.114237095589807        2.23606797749979                                 5
526         27.114237095589807        2.23606797749979                                 5
527         27.114237095589807        2.23606797749979                                 5
528         27.114237095589807        2.23606797749979                                 5
529         27.114237095589807        2.23606797749979                                 5
530         27.114237095589807        2.23606797749979                                 5
531         27.114237095589807        2.23606797749979                                 5
532         27.114237095589807        2.23606797749979                                 5
533         27.114237095589807        2.23606797749979                                 5
534         26.03581118376198        0.0                                 0
535         26.03581118376198        2.23606797749979                                 5
536         26.03581118376198        2.23606797749979                                 5
537         26.03581118376198        2.23606797749979                                 5
538         26.03581118376198        2.23606797749979                                 5
539         26.03581118376198        2.23606797749979                                 5
540         26.03581118376198        2.23606797749979                                 5
541         26.03581118376198        2.23606797749979                                 5
542         26.03581118376198        2.23606797749979                                 5
543         25.73941612846327        0.0                                 0
544         25.73941612846327        2.23606797749979                                 5
545         25.73941612846327        2.23606797749979                                 5
546         25.73941612846327        2.23606797749979                                 5
547         25.73941612846327        2.23606797749979                                 5
548         25.73941612846327        2.23606797749979                                 5
549         25.73941612846327        2.23606797749979                                 5
550         25.73941612846327        2.23606797749979                                 5
551         25.73941612846327        2.23606797749979                                 5
552         25.73941612846327        2.23606797749979                                 5
553         25.73941612846327        2.23606797749979                                 5
554         25.73941612846327        2.23606797749979                                 5
555         25.73941612846327        2.23606797749979                                 5
556         25.73941612846327        2.23606797749979                                 5
557         22.765338136323017        0.0                                 0
558         22.765338136323017        2.23606797749979                                 5
559         22.617242094352555        0.0                                 0
560         22.617242094352555        2.23606797749979                                 5
561         22.617242094352555        2.23606797749979                                 5
562         22.617242094352555        2.23606797749979                                 5
563         22.617242094352555        2.23606797749979                                 5
564         22.617242094352555        2.23606797749979                                 5
565         22.617242094352555        2.23606797749979                                 5
566         22.617242094352555        2.23606797749979                                 5
567         22.617242094352555        2.23606797749979                                 5
568         22.617242094352555        2.23606797749979                                 5
569         22.617242094352555        2.23606797749979                                 5
570         22.617242094352555        2.23606797749979                                 5
571         22.617242094352555        2.23606797749979                                 5
572         22.60278618135556        0.0                                 0
573         22.60278618135556        2.23606797749979                                 5
574         22.60278618135556        2.23606797749979                                 5
575         22.60278618135556        2.23606797749979                                 5
576         22.580397145491037        0.0                                 0
577         22.580397145491037        2.23606797749979                                 5
578         22.580397145491037        2.23606797749979                                 5
579         22.580397145491037        2.23606797749979                                 5
580         22.580397145491037        2.23606797749979                                 5
581         22.580397145491037        2.23606797749979                                 5
582         22.580397145491037        2.23606797749979                                 5
583         22.580397145491037        2.23606797749979                                 5
584         22.580397145491037        2.23606797749979                                 5
585         22.580397145491037        2.23606797749979                                 5
586         22.580397145491037        2.23606797749979                                 5
587         22.580397145491037        2.23606797749979                                 5
588         22.580397145491037        2.23606797749979                                 5
589         22.580397145491037        2.23606797749979                                 5
590         22.580397145491037        2.23606797749979                                 5
591         22.580397145491037        2.23606797749979                                 5
592         22.580397145491037        2.23606797749979                                 5
593         22.580397145491037        2.23606797749979                                 5
594         22.580397145491037        2.23606797749979                                 5
595         22.519726055621508        0.0                                 0
596         22.519726055621508        2.23606797749979                                 5
597         22.519726055621508        2.23606797749979                                 5
598         22.519726055621508        2.23606797749979                                 5
599         22.429911897628255        0.0                                 0
600         22.429911897628255        2.23606797749979                                 5
601         22.429911897628255        2.23606797749979                                 5
602         22.429911897628255        2.23606797749979                                 5
603         22.429911897628255        2.23606797749979                                 5
604         22.429911897628255        2.23606797749979                                 5
605         22.429911897628255        2.23606797749979                                 5
606         22.429911897628255        2.23606797749979                                 5
607         22.429911897628255        2.23606797749979                                 5
608         22.429911897628255        2.23606797749979                                 5
609         22.429911897628255        2.23606797749979                                 5
610         22.429911897628255        2.23606797749979                                 5
611         22.429911897628255        2.23606797749979                                 5
612         22.429911897628255        2.23606797749979                                 5
613         22.429911897628255        2.23606797749979                                 5
614         22.429911897628255        2.23606797749979                                 5
615         22.429911897628255        2.23606797749979                                 5
616         22.429911897628255        2.23606797749979                                 5
617         22.418313628790482        0.0                                 0
618         22.418313628790482        2.23606797749979                                 5
619         22.418313628790482        2.23606797749979                                 5
620         22.418313628790482        2.23606797749979                                 5
621         22.418313628790482        2.23606797749979                                 5
622         22.418313628790482        2.23606797749979                                 5
623         22.418313628790482        2.23606797749979                                 5
624         22.418313628790482        2.23606797749979                                 5
625         22.418313628790482        2.23606797749979                                 5
626         22.418313628790482        2.23606797749979                                 5
627         22.418313628790482        2.23606797749979                                 5
628         22.418313628790482        2.23606797749979                                 5
629         22.418313628790482        2.23606797749979                                 5
630         22.418313628790482        2.23606797749979                                 5
631         22.418313628790482        2.23606797749979                                 5
632         22.418313628790482        2.23606797749979                                 5
633         22.418313628790482        2.23606797749979                                 5
634         22.418313628790482        2.23606797749979                                 5
635         22.418313628790482        2.23606797749979                                 5
636         22.418313628790482        2.23606797749979                                 5
637         22.418313628790482        2.23606797749979                                 5
638         22.418313628790482        2.23606797749979                                 5
639         22.418313628790482        1.7320508075688772                                 3
640         22.418313628790482        2.23606797749979                                 5
641         22.418313628790482        2.23606797749979                                 5
642         22.418313628790482        2.23606797749979                                 5
643         22.418313628790482        2.23606797749979                                 5
644         22.418313628790482        2.23606797749979                                 5
645         22.418313628790482        2.23606797749979                                 5
646         22.418313628790482        2.23606797749979                                 5
647         22.418313628790482        2.23606797749979                                 5
648         22.418313628790482        2.23606797749979                                 5
649         22.418313628790482        2.23606797749979                                 5
650         22.418313628790482        2.23606797749979                                 5
651         22.418313628790482        2.23606797749979                                 5
652         22.418313628790482        2.23606797749979                                 5
653         22.418313628790482        2.23606797749979                                 5
654         22.418313628790482        2.23606797749979                                 5
655         22.418313628790482        2.23606797749979                                 5
656         22.418313628790482        2.23606797749979                                 5
657         22.418313628790482        2.23606797749979                                 5
658         22.418313628790482        2.23606797749979                                 5
659         22.418313628790482        2.23606797749979                                 5
660         22.418313628790482        2.23606797749979                                 5
661         22.418313628790482        2.23606797749979                                 5
662         22.418313628790482        2.23606797749979                                 5
663         22.418313628790482        2.23606797749979                                 5
664         22.418313628790482        2.23606797749979                                 5
665         22.418313628790482        2.23606797749979                                 5
666         22.418313628790482        2.23606797749979                                 5
667         22.418313628790482        2.23606797749979                                 5
668         22.418313628790482        2.23606797749979                                 5
669         22.418313628790482        2.23606797749979                                 5
670         22.418313628790482        2.23606797749979                                 5
671         22.37677077112409        0.0                                 0
672         22.37677077112409        2.23606797749979                                 5
673         22.37677077112409        2.23606797749979                                 5
674         22.37677077112409        2.23606797749979                                 5
675         22.37677077112409        2.23606797749979                                 5
676         22.359059713744827        0.0                                 0
677         22.359059713744827        2.23606797749979                                 5
678         22.359059713744827        2.23606797749979                                 5
679         22.359059713744827        2.23606797749979                                 5
680         22.359059713744827        2.23606797749979                                 5
681         22.359059713744827        2.23606797749979                                 5
682         22.359059713744827        2.23606797749979                                 5
683         22.359059713744827        2.23606797749979                                 5
684         22.359059713744827        2.23606797749979                                 5
685         22.359059713744827        2.23606797749979                                 5
686         22.35428931478812        0.0                                 0
687         22.09193624936374        0.0                                 0
688         22.09193624936374        2.23606797749979                                 5
689         22.09193624936374        1.7320508075688772                                 3
690         22.09193624936374        2.23606797749979                                 5
691         22.09193624936374        2.23606797749979                                 5
692         22.09193624936374        2.23606797749979                                 5
693         22.09193624936374        2.23606797749979                                 5
694         22.09193624936374        2.23606797749979                                 5
695         22.09193624936374        2.23606797749979                                 5
696         22.09193624936374        2.23606797749979                                 5
697         22.09193624936374        2.23606797749979                                 5
698         22.09193624936374        2.23606797749979                                 5
699         22.09193624936374        2.23606797749979                                 5
700         22.09193624936374        2.23606797749979                                 5
701         22.09193624936374        2.23606797749979                                 5
702         22.09193624936374        2.23606797749979                                 5
703         22.09193624936374        2.23606797749979                                 5
704         22.09193624936374        2.23606797749979                                 5
705         22.086723298515395        0.0                                 0
706         22.086723298515395        2.23606797749979                                 5
707         22.086723298515395        2.23606797749979                                 5
708         22.086723298515395        2.23606797749979                                 5
709         22.086723298515395        2.23606797749979                                 5
710         22.086723298515395        2.23606797749979                                 5
711         22.086723298515395        2.23606797749979                                 5
712         22.086723298515395        2.23606797749979                                 5
713         22.086723298515395        2.23606797749979                                 5
714         22.086723298515395        2.23606797749979                                 5
715         22.086723298515395        2.23606797749979                                 5
716         22.086723298515395        2.23606797749979                                 5
717         22.086723298515395        2.23606797749979                                 5
718         22.086723298515395        2.23606797749979                                 5
719         22.086723298515395        2.23606797749979                                 5
720         22.086723298515395        2.23606797749979                                 5
721         22.086723298515395        2.23606797749979                                 5
722         22.086723298515395        2.23606797749979                                 5
723         22.086723298515395        2.23606797749979                                 5
724         22.086723298515395        2.23606797749979                                 5
725         22.086723298515395        2.23606797749979                                 5
726         22.086723298515395        2.23606797749979                                 5
727         19.237841252788115        0.0                                 0
728         19.237841252788115        2.23606797749979                                 5
729         19.237841252788115        2.23606797749979                                 5
730         19.237841252788115        2.23606797749979                                 5
731         19.237841252788115        2.23606797749979                                 5
732         19.237841252788115        2.23606797749979                                 5
733         19.237841252788115        2.23606797749979                                 5
734         19.237841252788115        2.23606797749979                                 5
735         19.237841252788115        2.23606797749979                                 5
736         19.237841252788115        2.23606797749979                                 5
737         19.237841252788115        2.23606797749979                                 5
738         19.237841252788115        2.23606797749979                                 5
739         19.237841252788115        2.23606797749979                                 5
740         19.237841252788115        2.23606797749979                                 5
741         19.237841252788115        2.23606797749979                                 5
742         19.237841252788115        2.23606797749979                                 5
743         19.237841252788115        2.23606797749979                                 5
744         19.237841252788115        2.23606797749979                                 5
745         19.237841252788115        2.23606797749979                                 5
746         19.237841252788115        2.23606797749979                                 5
747         18.942659963289287        0.0                                 0
748         18.942659963289287        2.23606797749979                                 5
749         18.88976350370544        0.0                                 0
750         18.88976350370544        2.23606797749979                                 5
751         18.88976350370544        2.23606797749979                                 5
752         18.88976350370544        2.23606797749979                                 5
753         18.88976350370544        2.23606797749979                                 5
754         18.88976350370544        2.23606797749979                                 5
755         18.88976350370544        2.23606797749979                                 5
756         18.88976350370544        2.23606797749979                                 5
757         18.88976350370544        2.23606797749979                                 5
758         18.88976350370544        2.23606797749979                                 5
759         18.88976350370544        2.23606797749979                                 5
760         18.88976350370544        2.23606797749979                                 5
761         18.88976350370544        2.23606797749979                                 5
762         18.88691922549046        0.0                                 0
763         18.88691922549046        2.23606797749979                                 5
764         18.88691922549046        2.23606797749979                                 5
765         18.879716504467538        0.0                                 0
766         18.879716504467538        2.23606797749979                                 5
767         18.879716504467538        1.7320508075688772                                 3
768         18.824058214796665        0.0                                 0
769         18.824058214796665        2.23606797749979                                 5
770         18.824058214796665        2.23606797749979                                 5
771         18.824058214796665        2.23606797749979                                 5
772         18.824058214796665        2.23606797749979                                 5
773         18.824058214796665        2.23606797749979                                 5
774         18.824058214796665        2.23606797749979                                 5
775         18.824058214796665        2.23606797749979                                 5
776         18.824058214796665        2.23606797749979                                 5
777         18.824058214796665        2.23606797749979                                 5
778         18.824058214796665        2.23606797749979                                 5
779         18.824058214796665        2.23606797749979                                 5
780         18.824058214796665        2.23606797749979                                 5
781         18.824058214796665        2.23606797749979                                 5
782         18.824058214796665        2.23606797749979                                 5
783         18.824058214796665        2.23606797749979                                 5
784         18.824058214796665        2.23606797749979                                 5
785         18.824058214796665        2.23606797749979                                 5
786         18.824058214796665        2.23606797749979                                 5
787         18.824058214796665        2.23606797749979                                 5
788         18.824058214796665        2.23606797749979                                 5
789         18.824058214796665        2.23606797749979                                 5
790         18.824058214796665        2.23606797749979                                 5
791         18.824058214796665        2.23606797749979                                 5
792         18.824058214796665        2.23606797749979                                 5
793         18.824058214796665        2.23606797749979                                 5
794         18.824058214796665        2.23606797749979                                 5
795         18.824058214796665        2.23606797749979                                 5
796         18.824058214796665        2.23606797749979                                 5
797         18.824058214796665        2.23606797749979                                 5
798         18.824058214796665        2.23606797749979                                 5
799         18.824058214796665        2.23606797749979                                 5
800         18.824058214796665        2.23606797749979                                 5
801         18.824058214796665        2.23606797749979                                 5
802         18.824058214796665        2.23606797749979                                 5
803         18.824058214796665        2.23606797749979                                 5
804         18.824058214796665        2.23606797749979                                 5
805         18.81995401957822        0.0                                 0
806         18.81995401957822        2.23606797749979                                 5
807         18.81995401957822        2.23606797749979                                 5
808         18.81995401957822        2.23606797749979                                 5
809         18.81995401957822        2.23606797749979                                 5
810         18.81995401957822        2.23606797749979                                 5
811         18.81995401957822        2.23606797749979                                 5
812         18.81995401957822        2.23606797749979                                 5
813         18.81564370142736        0.0                                 0
814         18.81564370142736        2.23606797749979                                 5
815         18.81564370142736        2.23606797749979                                 5
816         18.81564370142736        2.23606797749979                                 5
817         18.81564370142736        2.23606797749979                                 5
818         18.81564370142736        2.23606797749979                                 5
819         18.81564370142736        2.23606797749979                                 5
820         18.81564370142736        2.23606797749979                                 5
821         18.81564370142736        2.23606797749979                                 5
822         18.81564370142736        2.23606797749979                                 5
823         18.81564370142736        2.23606797749979                                 5
824         18.81564370142736        2.23606797749979                                 5
825         17.954996230322266        0.0                                 0
826         17.954996230322266        2.23606797749979                                 5
827         17.954996230322266        2.23606797749979                                 5
828         17.817174305885345        0.0                                 0
829         17.817174305885345        2.23606797749979                                 5
830         17.817174305885345        2.23606797749979                                 5
831         17.817174305885345        2.23606797749979                                 5
832         17.817174305885345        2.23606797749979                                 5
833         17.817174305885345        2.23606797749979                                 5
834         17.817174305885345        1.7320508075688772                                 3
835         17.817174305885345        2.23606797749979                                 5
836         17.817174305885345        2.23606797749979                                 5
837         17.817174305885345        2.23606797749979                                 5
838         17.816596120891376        0.0                                 0
839         17.816596120891376        2.23606797749979                                 5
840         17.816596120891376        2.23606797749979                                 5
841         17.816596120891376        2.23606797749979                                 5
842         17.816596120891376        2.23606797749979                                 5
843         17.816596120891376        2.23606797749979                                 5
844         17.816596120891376        2.23606797749979                                 5
845         17.816596120891376        2.23606797749979                                 5
846         17.805926457188733        0.0                                 0
847         17.805926457188733        2.23606797749979                                 5
848         17.805926457188733        2.23606797749979                                 5
849         17.805926457188733        2.23606797749979                                 5
850         17.805926457188733        2.23606797749979                                 5
851         17.805926457188733        2.23606797749979                                 5
852         17.805926457188733        2.23606797749979                                 5
853         17.805926457188733        2.23606797749979                                 5
854         17.805926457188733        2.23606797749979                                 5
855         17.65121783017809        0.0                                 0
856         17.649348707830022        0.0                                 0
857         17.649348707830022        2.23606797749979                                 5
858         17.649348707830022        2.23606797749979                                 5
859         17.649348707830022        2.23606797749979                                 5
860         17.648896154192563        0.0                                 0
861         17.648896154192563        2.23606797749979                                 5
862         17.648896154192563        2.23606797749979                                 5
863         17.621363794747303        0.0                                 0
864         17.621363794747303        2.23606797749979                                 5
865         17.621363794747303        2.23606797749979                                 5
866         17.621363794747303        2.23606797749979                                 5
867         17.621363794747303        2.23606797749979                                 5
868         17.621363794747303        2.23606797749979                                 5
869         17.621363794747303        2.23606797749979                                 5
870         17.621363794747303        2.23606797749979                                 5
871         17.621363794747303        2.23606797749979                                 5
872         17.621363794747303        2.23606797749979                                 5
873         17.621363794747303        2.23606797749979                                 5
874         17.621363794747303        2.23606797749979                                 5
875         17.621363794747303        2.23606797749979                                 5
876         17.621363794747303        2.23606797749979                                 5
877         17.62120348885812        0.0                                 0
878         17.358587933639242        0.0                                 0
879         17.358587933639242        2.23606797749979                                 5
880         17.358587933639242        2.23606797749979                                 5
881         17.358587933639242        2.23606797749979                                 5
882         17.358587933639242        2.23606797749979                                 5
883         17.358587933639242        2.23606797749979                                 5
884         17.35586154292878        0.0                                 0
885         17.35586154292878        2.23606797749979                                 5
886         17.35586154292878        2.23606797749979                                 5
887         17.35586154292878        2.23606797749979                                 5
888         17.35586154292878        2.23606797749979                                 5
889         17.35586154292878        2.23606797749979                                 5
890         17.35586154292878        2.23606797749979                                 5
891         17.35586154292878        2.23606797749979                                 5
892         17.35586154292878        2.23606797749979                                 5
893         17.35586154292878        2.23606797749979                                 5
894         17.355680664849267        0.0                                 0
895         17.355680664849267        2.23606797749979                                 5
896         17.355591187107457        0.0                                 0
897         17.355591187107457        2.23606797749979                                 5
898         17.355591187107457        2.23606797749979                                 5
899         17.355591187107457        2.23606797749979                                 5
900         17.355591187107457        2.23606797749979                                 5
901         17.355591187107457        2.23606797749979                                 5
902         17.355591187107457        2.23606797749979                                 5
903         17.355591187107457        2.23606797749979                                 5
904         17.355591187107457        2.23606797749979                                 5
905         17.355591187107457        2.23606797749979                                 5
906         17.355591187107457        2.23606797749979                                 5
907         17.355591187107457        2.23606797749979                                 5
908         17.355591187107457        2.23606797749979                                 5
909         17.355591187107457        2.23606797749979                                 5
910         17.355591187107457        2.23606797749979                                 5
911         17.355591187107457        2.23606797749979                                 5
912         17.355591187107457        2.23606797749979                                 5
913         17.355591187107457        2.23606797749979                                 5
914         17.355591187107457        2.23606797749979                                 5
915         17.355591187107457        2.23606797749979                                 5
916         17.355591187107457        2.23606797749979                                 5
917         17.355591187107457        2.23606797749979                                 5
918         17.355591187107457        2.23606797749979                                 5
919         17.355591187107457        2.23606797749979                                 5
920         17.355591187107457        2.23606797749979                                 5
921         17.355591187107457        2.23606797749979                                 5
922         17.355591187107457        2.23606797749979                                 5
923         17.355591187107457        2.23606797749979                                 5
924         17.355591187107457        2.23606797749979                                 5
925         17.355591187107457        2.23606797749979                                 5
926         17.355591187107457        2.23606797749979                                 5
927         17.355591187107457        2.23606797749979                                 5
928         17.355591187107457        2.23606797749979                                 5
929         17.355591187107457        2.23606797749979                                 5
930         17.355591187107457        2.23606797749979                                 5
931         17.355591187107457        2.23606797749979                                 5
932         17.355591187107457        2.23606797749979                                 5
933         17.355591187107457        2.23606797749979                                 5
934         17.355591187107457        2.23606797749979                                 5
935         17.355591187107457        2.23606797749979                                 5
936         17.355591187107457        2.23606797749979                                 5
937         17.355591187107457        2.23606797749979                                 5
938         17.355591187107457        2.23606797749979                                 5
939         17.355591187107457        2.23606797749979                                 5
940         17.355591187107457        2.23606797749979                                 5
941         17.355591187107457        2.23606797749979                                 5
942         17.355591187107457        2.23606797749979                                 5
943         17.355591187107457        2.23606797749979                                 5
944         17.355591187107457        2.23606797749979                                 5
945         17.355591187107457        2.23606797749979                                 5
946         17.355591187107457        2.23606797749979                                 5
947         17.355591187107457        2.23606797749979                                 5
948         17.355591187107457        2.23606797749979                                 5
949         17.355591187107457        2.23606797749979                                 5
950         17.355591187107457        2.23606797749979                                 5
951         17.355591187107457        2.23606797749979                                 5
952         17.355591187107457        2.23606797749979                                 5
953         17.355591187107457        2.23606797749979                                 5
954         17.355591187107457        2.23606797749979                                 5
955         17.355591187107457        2.23606797749979                                 5
956         17.355591187107457        2.23606797749979                                 5
957         17.355591187107457        2.23606797749979                                 5
958         17.355591187107457        2.23606797749979                                 5
959         17.355591187107457        2.23606797749979                                 5
960         17.355591187107457        2.23606797749979                                 5
961         17.355591187107457        2.23606797749979                                 5
962         17.355591187107457        2.23606797749979                                 5
963         17.355591187107457        2.23606797749979                                 5
964         17.355591187107457        2.23606797749979                                 5
965         17.35416841327859        0.0                                 0
966         17.35416841327859        2.23606797749979                                 5
967         17.35416841327859        2.23606797749979                                 5
968         17.35416841327859        1.7320508075688772                                 3
969         17.35416841327859        2.23606797749979                                 5
970         17.35416841327859        2.23606797749979                                 5
971         17.35416841327859        2.23606797749979                                 5
972         17.35416841327859        2.23606797749979                                 5
973         17.35416841327859        2.23606797749979                                 5
974         17.35416841327859        2.23606797749979                                 5
975         17.35416841327859        2.23606797749979                                 5
976         17.35416841327859        1.7320508075688772                                 3
977         17.35416841327859        2.23606797749979                                 5
978         17.35416841327859        2.23606797749979                                 5
979         17.35416841327859        2.23606797749979                                 5
980         17.35416841327859        2.23606797749979                                 5
981         17.35416841327859        2.23606797749979                                 5
982         17.35416841327859        2.23606797749979                                 5
983         17.35416841327859        2.23606797749979                                 5
984         17.35416841327859        2.23606797749979                                 5
985         17.35416841327859        2.23606797749979                                 5
986         17.35416841327859        2.23606797749979                                 5
987         17.35416841327859        2.23606797749979                                 5
988         17.35416841327859        2.23606797749979                                 5
989         17.35416841327859        2.23606797749979                                 5
990         17.35416841327859        2.23606797749979                                 5
991         17.35416841327859        2.23606797749979                                 5
992         17.35416841327859        2.23606797749979                                 5
993         17.35416841327859        2.23606797749979                                 5
994         17.35416841327859        2.23606797749979                                 5
995         17.35416841327859        2.23606797749979                                 5
996         17.35416841327859        2.23606797749979                                 5
997         17.35416841327859        2.23606797749979                                 5
998         17.35416841327859        2.23606797749979                                 5
999         17.35416841327859        2.23606797749979                                 5
// Funcion: rastrigin Enfriamiento: exponencial Semilla: 1913890707