iteracion  mejor_solucion    distancia_euclidiana                 distancia_hamming
0         301.63335305346243        0.0                                 0
1         286.92587425625203        0.0                                 0
2         286.92587425625203        0.0                                 0
3         269.8000544781832        0.0                                 0
4         269.64593779697594        0.0                                 0
5         265.84444753912663        0.0                                 0
6         265.84444753912663        0.0                                 0
7         268.2211967796238        0.0                                 0
8         268.2211967796238        0.0                                 0
9         261.39555138462845        0.0                                 0
10         261.39555138462845        0.0                                 0
11         271.97168891836435        0.0                                 0
12         283.71253861395036        0.0                                 0
13         283.71253861395036        2.23606797749979                                 5
14         270.5254482992589        0.0                                 0
15         260.8264274763649        0.0                                 0
16         249.57620243546313        0.0                                 0
17         249.57043796442332        0.0                                 0
18         247.8238237018649        0.0                                 0
19         247.8238237018649        0.0                                 0
20         246.2591695620739        0.0                                 0
21         244.45796578878202        0.0                                 0
22         244.45796578878202        0.0                                 0
23         249.56672648591376        0.0                                 0
24         254.7917258561648        0.0                                 0
25         254.7917258561648        0.0                                 0
26         260.2873289727629        0.0                                 0
27         278.99705816273007        2.23606797749979                                 5
28         278.99705816273007        0.0                                 0
29         275.67097030662626        0.0                                 0
30         275.332727002958        0.0                                 0
31         275.332727002958        0.0                                 0
32         277.16900900852283        0.0                                 0
33         261.27017302520323        0.0                                 0
34         261.27017302520323        0.0                                 0
35         267.9129842829092        0.0                                 0
36         273.2707922236313        0.0                                 0
37         265.48218337830457        0.0                                 0
38         262.4181896497607        0.0                                 0
39         262.39554425538495        0.0                                 0
40         246.7585080127574        0.0                                 0
41         246.7585080127574        0.0                                 0
42         254.43115817372902        0.0                                 0
43         254.43115817372902        0.0                                 0
44         261.57764383530815        0.0                                 0
45         258.133460444436        0.0                                 0
46         258.133460444436        0.0                                 0
47         267.9916461410798        0.0                                 0
48         274.8073594299888        0.0                                 0
49         264.6019084199205        0.0                                 0
50         261.28121525404293        0.0                                 0
51         260.9820880000725        0.0                                 0
52         260.9820880000725        0.0                                 0
53         276.5748352233797        0.0                                 0
54         283.72852608974705        0.0                                 0
55         276.78225967568306        0.0                                 0
56         276.78225967568306        0.0                                 0
57         277.37282060040616        0.0                                 0
58         277.37282060040616        0.0                                 0
59         275.2054014066298        0.0                                 0
60         266.4236555709703        0.0                                 0
61         266.4236555709703        0.0                                 0
62         280.56167489848673        0.0                                 0
63         280.56167489848673        0.0                                 0
64         280.84111057775846        0.0                                 0
65         281.5566462461624        0.0                                 0
66         287.3781791545729        0.0                                 0
67         271.9480119963551        0.0                                 0
68         271.9480119963551        0.0                                 0
69         285.4053767956697        0.0                                 0
70         293.50707536831794        0.0                                 0
71         293.4344180680911        0.0                                 0
72         291.48567537457507        0.0                                 0
73         278.9492738426435        0.0                                 0
74         278.9492738426435        0.0                                 0
75         282.3019418168509        0.0                                 0
76         282.3019418168509        0.0                                 0
77         284.6873810392242        0.0                                 0
78         284.6873810392242        2.23606797749979                                 5
79         284.6873810392242        0.0                                 0
80         273.1601944450621        0.0                                 0
81         270.13941009078314        0.0                                 0
82         270.13941009078314        0.0                                 0
83         270.50316841328345        0.0                                 0
84         270.50316841328345        1.7320508075688772                                 3
85         270.48304196701315        0.0                                 0
86         270.48304196701315        2.23606797749979                                 5
87         270.48304196701315        0.0                                 0
88         270.8823988607851        0.0                                 0
89         270.81815971232515        0.0                                 0
90         270.81815971232515        2.23606797749979                                 5
91         270.81815971232515        0.0                                 0
92         271.1327167948301        2.23606797749979                                 5
93         271.1327167948301        0.0                                 0
94         271.2018437429279        0.0                                 0
95         258.69868182546577        0.0                                 0
96         258.69868182546577        0.0                                 0
97         263.4456394543858        0.0                                 0
98         263.4456394543858        2.23606797749979                                 5
99         263.4456394543858        0.0                                 0
100         263.49781252994404        0.0                                 0
101         267.7701391357286        2.23606797749979                                 5
102         260.1945723923471        0.0                                 0
103         259.7979489961493        0.0                                 0
104         259.7979489961493        2.23606797749979                                 5
105         259.7979489961493        0.0                                 0
106         261.53963707029766        2.23606797749979                                 5
107         260.02969944369335        0.0                                 0
108         260.02969944369335        0.0                                 0
109         259.5495204570622        0.0                                 0
110         259.5495204570622        0.0                                 0
111         259.7147339518759        0.0                                 0
112         259.06544585702187        0.0                                 0
113         255.471449345015        0.0                                 0
114         255.471449345015        0.0                                 0
115         250.97004750985377        0.0                                 0
116         250.97004750985377        0.0                                 0
117         241.36033956284476        0.0                                 0
118         241.36033956284476        0.0                                 0
119         241.36166818330372        2.23606797749979                                 5
120         230.2879422898744        0.0                                 0
121         213.456514479659        0.0                                 0
122         213.456514479659        2.23606797749979                                 5
123         212.64048316271177        0.0                                 0
124         212.64048316271177        2.23606797749979                                 5
125         212.64048316271177        2.23606797749979                                 5
126         210.8235624815038        0.0                                 0
127         198.15826643761483        0.0                                 0
128         198.15826643761483        0.0                                 0
129         197.20530562381273        0.0                                 0
130         192.49192440878332        0.0                                 0
131         192.49192440878332        0.0                                 0
132         190.5863034003256        0.0                                 0
133         187.06807554341484        0.0                                 0
134         186.67470014865913        0.0                                 0
135         186.6536327535206        0.0                                 0
136         186.6536327535206        0.0                                 0
137         178.84963104889903        0.0                                 0
138         167.2231033606397        0.0                                 0
139         167.03324133536253        0.0                                 0
140         167.03324133536253        1.7320508075688772                                 3
141         167.03324133536253        1.7320508075688772                                 3
142         167.03324133536253        2.23606797749979                                 5
143         167.03324133536253        2.23606797749979                                 5
144         167.03324133536253        0.0                                 0
145         162.5760280704645        0.0                                 0
146         161.57777747208974        0.0                                 0
147         161.57777747208974        2.23606797749979                                 5
148         161.57777747208974        2.23606797749979                                 5
149         159.98863348113434        0.0                                 0
150         149.09903450249365        0.0                                 0
151         149.09903450249365        2.23606797749979                                 5
152         149.09903450249365        2.23606797749979                                 5
153         147.97884272700145        0.0                                 0
154         147.97884272700145        0.0                                 0
155         148.27400068013498        0.0                                 0
156         148.60502889929924        0.0                                 0
157         148.68239173621262        2.23606797749979                                 5
158         148.68239173621262        2.23606797749979                                 5
159         144.21326449483112        0.0                                 0
160         129.04113203758035        0.0                                 0
161         129.04113203758035        2.23606797749979                                 5
162         129.04113203758035        2.23606797749979                                 5
163         128.24331866680149        0.0                                 0
164         128.24331866680149        0.0                                 0
165         128.2816195376322        2.23606797749979                                 5
166         128.2816195376322        2.23606797749979                                 5
167         124.20417328128977        0.0                                 0
168         124.20417328128977        2.23606797749979                                 5
169         124.20417328128977        2.23606797749979                                 5
170         124.20417328128977        2.23606797749979                                 5
171         124.20417328128977        0.0                                 0
172         124.2068118233758        2.23606797749979                                 5
173         124.2068118233758        2.23606797749979                                 5
174         124.19854984117478        0.0                                 0
175         124.19854984117478        0.0                                 0
176         124.22164426544873        2.23606797749979                                 5
177         124.22164426544873        2.23606797749979                                 5
178         123.14619650098646        0.0                                 0
179         123.14619650098646        2.23606797749979                                 5
180         122.66397459366172        0.0                                 0
181         122.66397459366172        2.23606797749979                                 5
182         121.75759495669038        0.0                                 0
183         121.75759495669038        2.23606797749979                                 5
184         121.75759495669038        2.23606797749979                                 5
185         121.75759495669038        2.23606797749979                                 5
186         121.75759495669038        2.23606797749979                                 5
187         121.75759495669038        2.23606797749979                                 5
188         121.75759495669038        2.23606797749979                                 5
189         121.75759495669038        2.23606797749979                                 5
190         121.75759495669038        2.23606797749979                                 5
191         121.75042277354322        0.0                                 0
192         121.75042277354322        2.23606797749979                                 5
193         121.75042277354322        2.23606797749979                                 5
194         121.75042277354322        2.23606797749979                                 5
195         121.75042277354322        2.23606797749979                                 5
196         121.75042277354322        2.23606797749979                                 5
197         121.75042277354322        2.23606797749979                                 5
198         121.75042277354322        2.23606797749979                                 5
199         121.75042277354322        2.23606797749979                                 5
200         121.75042277354322        2.23606797749979                                 5
201         121.75042277354322        2.23606797749979                                 5
202         121.75042277354322        2.23606797749979                                 5
203         121.75042277354322        2.23606797749979                                 5
204         121.75042277354322        2.23606797749979                                 5
205         121.75042277354322        2.23606797749979                                 5
206         119.08447321008558        0.0                                 0
207         119.08447321008558        2.23606797749979                                 5
208         119.08447321008558        2.23606797749979                                 5
209         119.08447321008558        2.23606797749979                                 5
210         119.08447321008558        1.7320508075688772                                 3
211         119.08447321008558        2.23606797749979                                 5
212         119.08447321008558        2.23606797749979                                 5
213         119.08447321008558        2.23606797749979                                 5
214         119.08447321008558        2.23606797749979                                 5
215         119.08447321008558        2.23606797749979                                 5
216         119.08447321008558        2.23606797749979                                 5
217         117.94941045044081        0.0                                 0
218         117.94941045044081        2.23606797749979                                 5
219         117.94941045044081        2.23606797749979                                 5
220         117.94941045044081        2.23606797749979                                 5
221         117.94941045044081        2.23606797749979                                 5
222         117.94941045044081        2.23606797749979                                 5
223         117.94941045044081        2.23606797749979                                 5
224         117.94941045044081        2.23606797749979                                 5
225         117.94941045044081        2.23606797749979                                 5
226         117.94941045044081        2.23606797749979                                 5
227         117.94941045044081        2.23606797749979                                 5
228         117.94941045044081        2.23606797749979                                 5
229         117.94941045044081        2.23606797749979                                 5
230         117.94941045044081        2.23606797749979                                 5
231         117.94941045044081        2.23606797749979                                 5
232         117.94941045044081        2.23606797749979                                 5
233         117.77740798496683        0.0                                 0
234         117.77740798496683        2.23606797749979                                 5
235         117.77740798496683        2.23606797749979                                 5
236         117.77740798496683        2.23606797749979                                 5
237         117.77740798496683        2.23606797749979                                 5
238         117.77740798496683        2.23606797749979                                 5
239         117.77740798496683        2.23606797749979                                 5
240         117.77740798496683        2.23606797749979                                 5
241         116.51903478197403        0.0                                 0
242         116.51903478197403        2.23606797749979                                 5
243         116.51903478197403        2.23606797749979                                 5
244         116.51903478197403        2.23606797749979                                 5
245         116.51903478197403        2.23606797749979                                 5
246         105.03256753853904        0.0                                 0
247         105.03256753853904        2.23606797749979                                 5
248         105.01873812733712        0.0                                 0
249         105.01873812733712        1.7320508075688772                                 3
250         105.01873812733712        2.23606797749979                                 5
251         104.99179342977672        0.0                                 0
252         104.99179342977672        2.23606797749979                                 5
253         104.99179342977672        2.23606797749979                                 5
254         103.37667131507035        0.0                                 0
255         103.37667131507035        2.23606797749979                                 5
256         102.50277266434406        0.0                                 0
257         102.50277266434406        2.23606797749979                                 5
258         102.50277266434406        2.23606797749979                                 5
259         102.50209942938409        0.0                                 0
260         102.50209942938409        2.23606797749979                                 5
261         102.50209942938409        1.7320508075688772                                 3
262         99.78454589007305        0.0                                 0
263         99.78454589007305        2.23606797749979                                 5
264         99.78454589007305        2.23606797749979                                 5
265         99.78454589007305        2.23606797749979                                 5
266         99.78454589007305        2.23606797749979                                 5
267         99.78454589007305        2.23606797749979                                 5
268         99.76597511317937        0.0                                 0
269         99.76597511317937        2.23606797749979                                 5
270         99.75433118190512        0.0                                 0
271         99.13171073497426        0.0                                 0
272         99.13171073497426        2.23606797749979                                 5
273         99.13171073497426        2.23606797749979                                 5
274         99.13171073497426        2.23606797749979                                 5
275         99.13171073497426        2.23606797749979                                 5
276         99.13171073497426        2.23606797749979                                 5
277         99.02546998516877        0.0                                 0
278         99.02546998516877        2.23606797749979                                 5
279         98.4128506696841        0.0                                 0
280         98.4128506696841        2.23606797749979                                 5
281         98.40311390442491        0.0                                 0
282         98.40311390442491        2.23606797749979                                 5
283         98.40311390442491        2.23606797749979                                 5
284         98.40311390442491        2.23606797749979                                 5
285         98.31299447785901        0.0                                 0
286         98.31299447785901        2.23606797749979                                 5
287         92.9151293451022        0.0                                 0
288         92.9151293451022        2.23606797749979                                 5
289         92.9151293451022        2.23606797749979                                 5
290         92.9151293451022        2.23606797749979                                 5
291         92.75212080678443        0.0                                 0
292         92.75212080678443        2.23606797749979                                 5
293         92.69472831025865        0.0                                 0
294         92.69472831025865        2.23606797749979                                 5
295         92.69472831025865        2.23606797749979                                 5
296         92.56069596608697        0.0                                 0
297         92.41747910886781        0.0                                 0
298         92.41747910886781        2.23606797749979                                 5
299         92.41747910886781        2.23606797749979                                 5
300         92.41747910886781        2.23606797749979                                 5
301         92.41747910886781        2.23606797749979                                 5
302         92.41747910886781        2.23606797749979                                 5
303         92.41747910886781        2.23606797749979                                 5
304         92.41747910886781        2.23606797749979                                 5
305         92.41747910886781        2.23606797749979                                 5
306         92.41747910886781        2.23606797749979                                 5
307         92.41747910886781        2.23606797749979                                 5
308         90.54647670100016        0.0                                 0
309         90.54647670100016        2.23606797749979                                 5
310         90.54220527770028        0.0                                 0
311         90.54220527770028        2.23606797749979                                 5
312         90.54220527770028        2.23606797749979                                 5
313         90.54220527770028        2.23606797749979                                 5
314         90.54220527770028        2.23606797749979                                 5
315         90.54220527770028        2.23606797749979                                 5
316         90.54220527770028        2.23606797749979                                 5
317         90.54220527770028        2.23606797749979                                 5
318         86.27925079338621        0.0                                 0
319         85.3053796408199        0.0                                 0
320         85.3053796408199        2.23606797749979                                 5
321         85.3053796408199        2.23606797749979                                 5
322         85.3053796408199        2.23606797749979                                 5
323         85.3053796408199        2.23606797749979                                 5
324         84.72178358467063        0.0                                 0
325         84.72178358467063        2.23606797749979                                 5
326         84.72178358467063        2.23606797749979                                 5
327         84.72178358467063        2.23606797749979                                 5
328         84.72178358467063        2.23606797749979                                 5
329         84.72178358467063        2.23606797749979                                 5
330         83.62232852032294        0.0                                 0
331         83.62232852032294        2.23606797749979                                 5
332         82.42014247773251        0.0                                 0
333         82.42014247773251        2.23606797749979                                 5
334         82.42014247773251        2.23606797749979                                 5
335         82.42014247773251        2.23606797749979                                 5
336         82.42014247773251        2.23606797749979                                 5
337         82.42014247773251        2.23606797749979                                 5
338         82.42014247773251        2.23606797749979                                 5
339         82.42014247773251        2.23606797749979                                 5
340         82.42014247773251        2.23606797749979                                 5
341         82.42014247773251        2.23606797749979                                 5
342         82.42014247773251        2.23606797749979                                 5
343         82.42014247773251        2.23606797749979                                 5
344         82.42014247773251        2.23606797749979                                 5
345         82.42014247773251        2.23606797749979                                 5
346         82.42014247773251        2.23606797749979                                 5
347         82.42014247773251        2.23606797749979                                 5
348         82.42014247773251        2.23606797749979                                 5
349         71.14214954761496        0.0                                 0
350         68.6316346443416        0.0                                 0
351         68.6316346443416        2.23606797749979                                 5
352         68.6316346443416        2.23606797749979                                 5
353         68.6316346443416        2.23606797749979                                 5
354         68.6316346443416        2.23606797749979                                 5
355         68.6316346443416        2.23606797749979                                 5
356         68.6316346443416        2.23606797749979                                 5
357         68.6316346443416        2.23606797749979                                 5
358         68.6316346443416        2.23606797749979                                 5
359         68.6316346443416        2.23606797749979                                 5
360         68.6316346443416        2.23606797749979                                 5
361         68.6316346443416        2.23606797749979                                 5
362         68.6316346443416        2.23606797749979                                 5
363         68.6316346443416        2.23606797749979                                 5
364         68.6316346443416        2.23606797749979                                 5
365         68.6316346443416        2.23606797749979                                 5
366         68.6316346443416        2.23606797749979                                 5
367         68.6316346443416        2.23606797749979                                 5
368         68.6316346443416        2.23606797749979                                 5
369         68.6316346443416        2.23606797749979                                 5
370         68.6316346443416        2.23606797749979                                 5
371         68.6316346443416        2.23606797749979                                 5
372         68.62487977710549        0.0                                 0
373         68.62487977710549        2.23606797749979                                 5
374         68.62487977710549        2.23606797749979                                 5
375         68.62487977710549        2.23606797749979                                 5
376         68.54047314768309        0.0                                 0
377         68.54047314768309        2.23606797749979                                 5
378         68.54047314768309        2.23606797749979                                 5
379         68.54047314768309        2.23606797749979                                 5
380         68.54047314768309        2.23606797749979                                 5
381         68.52037988643536        0.0                                 0
382         68.41875958732552        0.0                                 0
383         68.41875958732552        2.23606797749979                                 5
384         68.41875958732552        2.23606797749979                                 5
385         68.41875958732552        2.23606797749979                                 5
386         68.41875958732552        2.23606797749979                                 5
387         68.41875958732552        2.23606797749979                                 5
388         68.41875958732552        2.23606797749979                                 5
389         68.41875958732552        2.23606797749979                                 5
390         68.41875958732552        2.23606797749979                                 5
391         67.40897052774983        0.0                                 0
392         67.40897052774983        2.23606797749979                                 5
393         67.40897052774983        2.23606797749979                                 5
394         67.40897052774983        2.23606797749979                                 5
395         67.40897052774983        2.23606797749979                                 5
396         67.40897052774983        2.23606797749979                                 5
397         67.40897052774983        2.23606797749979                                 5
398         67.00686168885652        0.0                                 0
399         67.00686168885652        2.23606797749979                                 5
400         67.00686168885652        2.23606797749979                                 5
401         67.00686168885652        2.23606797749979                                 5
402         67.00686168885652        2.23606797749979                                 5
403         67.00686168885652        2.23606797749979                                 5
404         67.00686168885652        2.23606797749979                                 5
405         67.00686168885652        2.23606797749979                                 5
406         67.00686168885652        2.23606797749979                                 5
407         52.05411766155433        0.0                                 0
408         50.85045079738653        0.0                                 0
409         50.85045079738653        2.23606797749979                                 5
410         50.85045079738653        2.23606797749979                                 5
411         50.85045079738653        2.23606797749979                                 5
412         50.85045079738653        2.23606797749979                                 5
413         50.85045079738653        2.23606797749979                                 5
414         50.85045079738653        2.23606797749979                                 5
415         50.85045079738653        2.23606797749979                                 5
416         50.85045079738653        2.23606797749979                                 5
417         50.85045079738653        2.23606797749979                                 5
418         50.85045079738653        2.23606797749979                                 5
419         50.85045079738653        2.23606797749979                                 5
420         50.85045079738653        2.23606797749979                                 5
421         50.85045079738653        2.23606797749979                                 5
422         50.85045079738653        2.23606797749979                                 5
423         50.85045079738653        2.23606797749979                                 5
424         50.85045079738653        2.23606797749979                                 5
425         50.85045079738653        2.23606797749979                                 5
426         50.85045079738653        2.23606797749979                                 5
427         50.85045079738653        2.23606797749979                                 5
428         50.85045079738653        2.23606797749979                                 5
429         50.85045079738653        2.23606797749979                                 5
430         50.85045079738653        2.23606797749979                                 5
431         50.85045079738653        2.23606797749979                                 5
432         50.85045079738653        2.23606797749979                                 5
433         50.85045079738653        2.23606797749979                                 5
434         50.85045079738653        2.23606797749979                                 5
435         50.85045079738653        2.23606797749979                                 5
436         50.766940688918        0.0                                 0
437         50.766940688918        2.23606797749979                                 5
438         50.766940688918        2.23606797749979                                 5
439         50.766940688918        2.23606797749979                                 5
440         50.766940688918        2.23606797749979                                 5
441         50.766940688918        2.23606797749979                                 5
442         50.766940688918        2.23606797749979                                 5
443         50.766940688918        2.23606797749979                                 5
444         50.766940688918        2.23606797749979                                 5
445         50.766940688918        2.23606797749979                                 5
446         50.766940688918        2.23606797749979                                 5
447         50.766940688918        2.23606797749979                                 5
448         50.766940688918        2.23606797749979                                 5
449         50.766940688918        2.23606797749979                                 5
450         50.766940688918        2.23606797749979                                 5
451         50.02651097071811        0.0                                 0
452         50.02651097071811        2.23606797749979                                 5
453         50.02651097071811        2.23606797749979                                 5
454         50.02651097071811        2.23606797749979                                 5
455         50.02651097071811        2.23606797749979                                 5
456         50.02651097071811        2.23606797749979                                 5
457         50.02651097071811        2.23606797749979                                 5
458         50.02651097071811        2.23606797749979                                 5
459         50.02651097071811        2.23606797749979                                 5
460         50.02651097071811        2.23606797749979                                 5
461         50.02651097071811        2.23606797749979                                 5
462         50.02651097071811        2.23606797749979                                 5
463         44.444406557304916        0.0                                 0
464         44.444406557304916        2.23606797749979                                 5
465         40.03298500744976        0.0                                 0
466         40.03298500744976        2.23606797749979                                 5
467         40.03298500744976        2.23606797749979                                 5
468         40.03298500744976        2.23606797749979                                 5
469         40.03298500744976        2.23606797749979                                 5
470         39.78555582006072        0.0                                 0
471         39.649482432329165        0.0                                 0
472         39.64745516947714        0.0                                 0
473         39.64745516947714        2.23606797749979                                 5
474         39.64745516947714        2.23606797749979                                 5
475         39.64745516947714        2.23606797749979                                 5
476         39.644663311563264        0.0                                 0
477         39.644663311563264        2.23606797749979                                 5
478         39.644663311563264        2.23606797749979                                 5
479         39.644663311563264        2.23606797749979                                 5
480         39.644663311563264        2.23606797749979                                 5
481         33.89363743947338        0.0                                 0
482         33.89363743947338        2.23606797749979                                 5
483         33.89363743947338        2.23606797749979                                 5
484         33.89363743947338        2.23606797749979                                 5
485         33.83774698187085        0.0                                 0
486         33.83774698187085        2.23606797749979                                 5
487         33.83774698187085        2.23606797749979                                 5
488         33.83774698187085        2.23606797749979                                 5
489         33.76099222374643        0.0                                 0
490         33.76099222374643        2.23606797749979                                 5
491         33.76099222374643        2.23606797749979                                 5
492         33.753563740433236        0.0                                 0
493         33.753563740433236        2.23606797749979                                 5
494         33.753563740433236        2.23606797749979                                 5
495         33.753563740433236        2.23606797749979                                 5
496         33.753563740433236        2.23606797749979                                 5
497         33.753563740433236        2.23606797749979                                 5
498         33.753563740433236        2.23606797749979                                 5
499         33.753563740433236        2.23606797749979                                 5
500         33.753563740433236        2.23606797749979                                 5
501         33.753563740433236        2.23606797749979                                 5
502         33.753563740433236        2.23606797749979                                 5
503         33.753563740433236        2.23606797749979                                 5
504         33.753563740433236        2.23606797749979                                 5
505         32.52586939318308        0.0                                 0
506         32.52586939318308        2.23606797749979                                 5
507         32.52586939318308        2.23606797749979                                 5
508         32.52586939318308        2.23606797749979                                 5
509         32.52586939318308        2.23606797749979                                 5
510         32.52586939318308        2.23606797749979                                 5
511         30.61855790564791        0.0                                 0
512         30.61855790564791        2.23606797749979                                 5
513         30.61855790564791        2.23606797749979                                 5
514         30.61855790564791        2.23606797749979                                 5
515         29.34821700548573        0.0                                 0
516         29.34821700548573        2.23606797749979                                 5
517         29.34821700548573        2.23606797749979                                 5
518         29.34821700548573        2.23606797749979                                 5
519         28.296902234952817        0.0                                 0
520         28.296902234952817        2.23606797749979                                 5
521         28.296902234952817        2.23606797749979                                 5
522         28.296902234952817        2.23606797749979                                 5
523         28.296902234952817        2.23606797749979                                 5
524         28.296902234952817        2.23606797749979                                 5
525         28.296902234952817        2.23606797749979                                 5
526         28.296902234952817        2.23606797749979                                 5
527         28.296902234952817        2.23606797749979                                 5
528         28.296902234952817        2.23606797749979                                 5
529         28.296902234952817        2.23606797749979                                 5
530         28.277369851690757        0.0                                 0
531         28.257113319466136        0.0                                 0
532         27.263755778857856        0.0                                 0
533         27.263755778857856        2.23606797749979                                 5
534         27.263755778857856        2.23606797749979                                 5
535         27.263755778857856        2.23606797749979                                 5
536         27.263755778857856        2.23606797749979                                 5
537         27.263755778857856        2.23606797749979                                 5
538         27.263755778857856        2.23606797749979                                 5
539         27.263755778857856        2.23606797749979                                 5
540         27.263755778857856        2.23606797749979                                 5
541         27.25545382333624        0.0                                 0
542         24.63617371527701        0.0                                 0
543         24.63617371527701        2.23606797749979                                 5
544         24.63617371527701        2.23606797749979                                 5
545         24.63617371527701        2.23606797749979                                 5
546         24.63617371527701        2.23606797749979                                 5
547         24.60207230279056        0.0                                 0
548         24.60207230279056        2.23606797749979                                 5
549         24.60207230279056        2.23606797749979                                 5
550         24.60207230279056        2.23606797749979                                 5
551         24.60207230279056        2.23606797749979                                 5
552         24.60207230279056        2.23606797749979                                 5
553         24.60207230279056        2.23606797749979                                 5
554         24.60207230279056        2.23606797749979                                 5
555         24.60207230279056        2.23606797749979                                 5
556         24.60207230279056        2.23606797749979                                 5
557         24.60207230279056        2.23606797749979                                 5
558         24.60207230279056        2.23606797749979                                 5
559         24.60207230279056        2.23606797749979                                 5
560         24.60207230279056        2.23606797749979                                 5
561         24.60207230279056        2.23606797749979                                 5
562         24.60207230279056        2.23606797749979                                 5
563         24.60207230279056        2.23606797749979                                 5
564         24.60207230279056        2.23606797749979                                 5
565         24.60207230279056        2.23606797749979                                 5
566         24.60207230279056        2.23606797749979                                 5
567         23.79272259885409        0.0                                 0
568         23.79272259885409        2.23606797749979                                 5
569         23.79272259885409        2.23606797749979                                 5
570         23.79272259885409        2.23606797749979                                 5
571         23.79272259885409        2.23606797749979                                 5
572         23.79272259885409        2.23606797749979                                 5
573         23.79272259885409        2.23606797749979                                 5
574         23.79272259885409        2.23606797749979                                 5
575         23.79272259885409        2.23606797749979                                 5
576         23.775855922439554        0.0                                 0
577         23.775855922439554        2.23606797749979                                 5
578         23.775855922439554        2.23606797749979                                 5
579         23.775855922439554        2.23606797749979                                 5
580         23.775855922439554        2.23606797749979                                 5
581         23.775855922439554        2.23606797749979                                 5
582         23.775855922439554        2.23606797749979                                 5
583         23.775855922439554        2.23606797749979                                 5
584         23.775855922439554        2.23606797749979                                 5
585         23.775855922439554        2.23606797749979                                 5
586         23.775855922439554        1.7320508075688772                                 3
587         23.775855922439554        2.23606797749979                                 5
588         23.775855922439554        2.23606797749979                                 5
589         23.775855922439554        2.23606797749979                                 5
590         23.775855922439554        2.23606797749979                                 5
591         23.775855922439554        2.23606797749979                                 5
592         23.650585169150624        0.0                                 0
593         23.650585169150624        2.23606797749979                                 5
594         23.650585169150624        2.23606797749979                                 5
595         23.650585169150624        2.23606797749979                                 5
596         23.650585169150624        2.23606797749979                                 5
597         23.650585169150624        2.23606797749979                                 5
598         23.650585169150624        2.23606797749979                                 5
599         23.650585169150624        2.23606797749979                                 5
600         23.650585169150624        2.23606797749979                                 5
601         23.650585169150624        2.23606797749979                                 5
602         23.638074044602142        0.0                                 0
603         23.638074044602142        2.23606797749979                                 5
604         23.638074044602142        2.23606797749979                                 5
605         23.638074044602142        2.23606797749979                                 5
606         23.638074044602142        2.23606797749979                                 5
607         23.638074044602142        2.23606797749979                                 5
608         23.638074044602142        2.23606797749979                                 5
609         23.638074044602142        2.23606797749979                                 5
610         23.638074044602142        2.23606797749979                                 5
611         23.638074044602142        2.23606797749979                                 5
612         23.638074044602142        2.23606797749979                                 5
613         23.638074044602142        2.23606797749979                                 5
614         23.638074044602142        2.23606797749979                                 5
615         23.638074044602142        2.23606797749979                                 5
616         23.638074044602142        2.23606797749979                                 5
617         23.638074044602142        2.23606797749979                                 5
618         23.628145778629055        0.0                                 0
619         23.628145778629055        2.23606797749979                                 5
620         23.628145778629055        2.23606797749979                                 5
621         23.628145778629055        2.23606797749979                                 5
622         23.628145778629055        2.23606797749979                                 5
623         23.628145778629055        2.23606797749979                                 5
624         23.628145778629055        2.23606797749979                                 5
625         23.628145778629055        2.23606797749979                                 5
626         23.628145778629055        2.23606797749979                                 5
627         23.628145778629055        2.23606797749979                                 5
628         23.628145778629055        2.23606797749979                                 5
629         23.628145778629055        2.23606797749979                                 5
630         23.628145778629055        2.23606797749979                                 5
631         23.628145778629055        2.23606797749979                                 5
632         23.616785575681256        0.0                                 0
633         23.616785575681256        2.23606797749979                                 5
634         23.616785575681256        2.23606797749979                                 5
635         23.616785575681256        2.23606797749979                                 5
636         23.616785575681256        2.23606797749979                                 5
637         23.616785575681256        2.23606797749979                                 5
638         23.616785575681256        2.23606797749979                                 5
639         23.616785575681256        2.23606797749979                                 5
640         23.616785575681256        2.23606797749979                                 5
641         23.616785575681256        2.23606797749979                                 5
642         23.616785575681256        2.23606797749979                                 5
643         23.616785575681256        2.23606797749979                                 5
644         20.64005816985331        0.0                                 0
645         20.64005816985331        2.23606797749979                                 5
646         20.64005816985331        2.23606797749979                                 5
647         20.64005816985331        1.7320508075688772                                 3
648         20.64005816985331        2.23606797749979                                 5
649         20.64005816985331        2.23606797749979                                 5
650         20.64005816985331        2.23606797749979                                 5
651         20.64005816985331        2.23606797749979                                 5
652         20.64005816985331        2.23606797749979                                 5
653         20.64005816985331        2.23606797749979                                 5
654         20.64005816985331        2.23606797749979                                 5
655         20.64005816985331        2.23606797749979                                 5
656         20.64005816985331        2.23606797749979                                 5
657         20.64005816985331        2.23606797749979                                 5
658         20.64005816985331        2.23606797749979                                 5
659         20.64005816985331        2.23606797749979                                 5
660         20.64005816985331        2.23606797749979                                 5
661         20.64005816985331        2.23606797749979                                 5
662         20.64005816985331        2.23606797749979                                 5
663         20.64005816985331        2.23606797749979                                 5
664         20.64005816985331        2.23606797749979                                 5
665         20.64005816985331        2.23606797749979                                 5
666         20.64005816985331        2.23606797749979                                 5
667         20.64005816985331        2.23606797749979                                 5
668         20.64005816985331        2.23606797749979                                 5
669         20.64005816985331        2.23606797749979                                 5
670         20.64005816985331        2.23606797749979                                 5
671         20.64005816985331        2.23606797749979                                 5
672         20.64005816985331        2.23606797749979                                 5
673         20.64005816985331        2.23606797749979                                 5
674         20.64005816985331        2.23606797749979                                 5
675         20.64005816985331        2.23606797749979                                 5
676         20.64005816985331        2.23606797749979                                 5
677         20.64005816985331        2.23606797749979                                 5
678         20.64005816985331        2.23606797749979                                 5
679         20.64005816985331        2.23606797749979                                 5
680         20.64005816985331        2.23606797749979                                 5
681         20.64005816985331        2.23606797749979                                 5
682         20.64005816985331        2.23606797749979                                 5
683         20.64005816985331        2.23606797749979                                 5
684         20.64005816985331        2.23606797749979                                 5
685         20.64005816985331        2.23606797749979                                 5
686         20.64005816985331        2.23606797749979                                 5
687         20.64005816985331        2.23606797749979                                 5
688         20.64005816985331        1.7320508075688772                                 3
689         20.64005816985331        2.23606797749979                                 5
690         20.64005816985331        2.23606797749979                                 5
691         20.64005816985331        2.23606797749979                                 5
692         20.64005816985331        2.23606797749979                                 5
693         20.64005816985331        2.23606797749979                                 5
694         20.64005816985331        2.23606797749979                                 5
695         20.60962034710024        0.0                                 0
696         20.60962034710024        2.23606797749979                                 5
697         20.60962034710024        2.23606797749979                                 5
698         20.60962034710024        2.23606797749979                                 5
699         20.60962034710024        2.23606797749979                                 5
700         20.60962034710024        2.23606797749979                                 5
701         20.60962034710024        2.23606797749979                                 5
702         20.60962034710024        2.23606797749979                                 5
703         20.60962034710024        2.23606797749979                                 5
704         20.60962034710024        2.23606797749979                                 5
705         20.60962034710024        2.23606797749979                                 5
706         17.682426317904934        0.0                                 0
707         17.682426317904934        2.23606797749979                                 5
708         17.682426317904934        2.23606797749979                                 5
709         17.682426317904934        2.23606797749979                                 5
710         17.682426317904934        2.23606797749979                                 5
711         17.682426317904934        2.23606797749979                                 5
712         17.682426317904934        2.23606797749979                                 5
713         17.682426317904934        2.23606797749979                                 5
714         17.682426317904934        2.23606797749979                                 5
715         17.682426317904934        2.23606797749979                                 5
716         17.682426317904934        2.23606797749979                                 5
717         17.682426317904934        2.23606797749979                                 5
718         17.682426317904934        2.23606797749979                                 5
719         17.682426317904934        2.23606797749979                                 5
720         17.682426317904934        2.23606797749979                                 5
721         17.682426317904934        2.23606797749979                                 5
722         17.682426317904934        2.23606797749979                                 5
723         17.682426317904934        2.23606797749979                                 5
724         17.682426317904934        2.23606797749979                                 5
725         17.682426317904934        2.23606797749979                                 5
726         17.682426317904934        2.23606797749979                                 5
727         17.682426317904934        2.23606797749979                                 5
728         17.682426317904934        2.23606797749979                                 5
729         17.532974785533604        0.0                                 0
730         17.532974785533604        2.23606797749979                                 5
731         17.508837492107737        0.0                                 0
732         17.508837492107737        2.23606797749979                                 5
733         17.506902624377624        0.0                                 0
734         17.506902624377624        2.23606797749979                                 5
735         17.50672667138935        0.0                                 0
736         17.50672667138935        2.23606797749979                                 5
737         15.832842440905596        0.0                                 0
738         15.832842440905596        2.23606797749979                                 5
739         15.832842440905596        2.23606797749979                                 5
740         15.832842440905596        2.23606797749979                                 5
741         15.591905666690105        0.0                                 0
742         15.560551754467044        0.0                                 0
743         15.560551754467044        2.23606797749979                                 5
744         15.560551754467044        2.23606797749979                                 5
745         15.560551754467044        2.23606797749979                                 5
746         15.560551754467044        2.23606797749979                                 5
747         15.560551754467044        2.23606797749979                                 5
748         15.560551754467044        2.23606797749979                                 5
749         15.560551754467044        2.23606797749979                                 5
750         15.551716087147442        0.0                                 0
751         15.551716087147442        2.23606797749979                                 5
752         15.551716087147442        2.23606797749979                                 5
753         15.551716087147442        2.23606797749979                                 5
754         15.551716087147442        2.23606797749979                                 5
755         15.551716087147442        2.23606797749979                                 5
756         15.551716087147442        2.23606797749979                                 5
757         15.551716087147442        2.23606797749979                                 5
758         15.551716087147442        2.23606797749979                                 5
759         15.551716087147442        2.23606797749979                                 5
760         15.551716087147442        2.23606797749979                                 5
761         15.551462360873002        0.0                                 0
762         15.551462360873002        2.23606797749979                                 5
763         15.551462360873002        2.23606797749979                                 5
764         15.551462360873002        2.23606797749979                                 5
765         15.551462360873002        2.23606797749979                                 5
766         15.551462360873002        2.23606797749979                                 5
767         15.551462360873002        2.23606797749979                                 5
768         15.551462360873002        2.23606797749979                                 5
769         15.551462360873002        2.23606797749979                                 5
770         15.551462360873002        2.23606797749979                                 5
771         15.551462360873002        2.23606797749979                                 5
772         15.551462360873002        2.23606797749979                                 5
773         15.551462360873002        2.23606797749979                                 5
774         15.551462360873002        2.23606797749979                                 5
775         15.551462360873002        2.23606797749979                                 5
776         15.551462360873002        2.23606797749979                                 5
777         15.536055862273384        0.0                                 0
778         15.536055862273384        2.23606797749979                                 5
779         15.536055862273384        2.23606797749979                                 5
780         15.536055862273384        2.23606797749979                                 5
781         15.536055862273384        2.23606797749979                                 5
782         15.536055862273384        2.23606797749979                                 5
783         15.536055862273384        2.23606797749979                                 5
784         15.536055862273384        2.23606797749979                                 5
785         15.536055862273384        2.23606797749979                                 5
786         15.536055862273384        2.23606797749979                                 5
787         15.536055862273384        2.23606797749979                                 5
788         15.531874768512933        0.0                                 0
789         15.531874768512933        2.23606797749979                                 5
790         15.531874768512933        2.23606797749979                                 5
791         15.531874768512933        2.23606797749979                                 5
792         15.531874768512933        2.23606797749979                                 5
793         15.531874768512933        2.23606797749979                                 5
794         15.531874768512933        2.23606797749979                                 5
795         15.531874768512933        2.23606797749979                                 5
796         15.531874768512933        2.23606797749979                                 5
797         15.531874768512933        2.23606797749979                                 5
798         15.531874768512933        2.23606797749979                                 5
799         15.531874768512933        2.23606797749979                                 5
800         15.531874768512933        2.23606797749979                                 5
801         15.531874768512933        2.23606797749979                                 5
802         15.531874768512933        2.23606797749979                                 5
803         15.531874768512933        2.23606797749979                                 5
804         15.227548279187294        0.0                                 0
805         15.227548279187294        2.23606797749979                                 5
806         15.227548279187294        2.23606797749979                                 5
807         15.227548279187294        2.23606797749979                                 5
808         15.227548279187294        2.23606797749979                                 5
809         15.227548279187294        1.7320508075688772                                 3
810         15.227548279187294        2.23606797749979                                 5
811         15.227548279187294        2.23606797749979                                 5
812         15.227548279187294        2.23606797749979                                 5
813         15.227548279187294        2.23606797749979                                 5
814         15.227548279187294        2.23606797749979                                 5
815         15.227548279187294        2.23606797749979                                 5
816         15.227548279187294        2.23606797749979                                 5
817         15.227548279187294        2.23606797749979                                 5
818         15.227548279187294        2.23606797749979                                 5
819         15.227548279187294        2.23606797749979                                 5
820         15.227548279187294        2.23606797749979                                 5
821         15.227548279187294        2.23606797749979                                 5
822         15.227548279187294        2.23606797749979                                 5
823         15.226806624518813        0.0                                 0
824         15.226806624518813        2.23606797749979                                 5
825         15.226806624518813        2.23606797749979                                 5
826         15.226806624518813        2.23606797749979                                 5
827         15.226806624518813        2.23606797749979                                 5
828         15.226806624518813        2.23606797749979                                 5
829         15.226806624518813        2.23606797749979                                 5
830         15.226806624518813        2.23606797749979                                 5
831         15.226806624518813        2.23606797749979                                 5
832         15.226806624518813        2.23606797749979                                 5
833         15.226806624518813        2.23606797749979                                 5
834         15.226806624518813        1.7320508075688772                                 3
835         15.226806624518813        2.23606797749979                                 5
836         15.226806624518813        2.23606797749979                                 5
837         15.226806624518813        2.23606797749979                                 5
838         15.226806624518813        2.23606797749979                                 5
839         15.225417191265619        0.0                                 0
840         15.225417191265619        2.23606797749979                                 5
841         15.225417191265619        2.23606797749979                                 5
842         15.225417191265619        2.23606797749979                                 5
843         15.031026128437622        0.0                                 0
844         15.031026128437622        2.23606797749979                                 5
845         15.031026128437622        2.23606797749979                                 5
846         15.031026128437622        2.23606797749979                                 5
847         15.031026128437622        2.23606797749979                                 5
848         15.031026128437622        2.23606797749979                                 5
849         15.027334474285388        0.0                                 0
850         15.027334474285388        2.23606797749979                                 5
851         15.027334474285388        2.23606797749979                                 5
852         15.027334474285388        2.23606797749979                                 5
853         15.027334474285388        2.23606797749979                                 5
854         15.027334474285388        2.23606797749979                                 5
855         15.027334474285388        2.23606797749979                                 5
856         15.027334474285388        2.23606797749979                                 5
857         15.027334474285388        2.23606797749979                                 5
858         15.027334474285388        2.23606797749979                                 5
859         15.027334474285388        2.23606797749979                                 5
860         15.027334474285388        2.23606797749979                                 5
861         15.027334474285388        2.23606797749979                                 5
862         15.027334474285388        2.23606797749979                                 5
863         15.027334474285388        2.23606797749979                                 5
864         15.027334474285388        2.23606797749979                                 5
865         15.027334474285388        2.23606797749979                                 5
866         15.027334474285388        2.23606797749979                                 5
867         15.027334474285388        2.23606797749979                                 5
868         15.027334474285388        2.23606797749979                                 5
869         15.027334474285388        2.23606797749979                                 5
870         15.027334474285388        2.23606797749979                                 5
871         15.027334474285388        2.23606797749979                                 5
872         15.027334474285388        2.23606797749979                                 5
873         15.027334474285388        2.23606797749979                                 5
874         15.027334474285388        2.23606797749979                                 5
875         15.027334474285388        2.23606797749979                                 5
876         15.027334474285388        2.23606797749979                                 5
877         15.027334474285388        2.23606797749979                                 5
878         15.027334474285388        2.23606797749979                                 5
879         15.027334474285388        2.23606797749979                                 5
880         15.027334474285388        2.23606797749979                                 5
881         15.027334474285388        2.23606797749979                                 5
882         15.027334474285388        2.23606797749979                                 5
883         15.027334474285388        2.23606797749979                                 5
884         15.027334474285388        2.23606797749979                                 5
885         15.027334474285388        2.23606797749979                                 5
886         15.027334474285388        2.23606797749979                                 5
887         15.027334474285388        2.23606797749979                                 5
888         15.027334474285388        2.23606797749979                                 5
889         15.027334474285388        2.23606797749979                                 5
890         15.027334474285388        2.23606797749979                                 5
891         15.027334474285388        2.23606797749979                                 5
892         15.027334474285388        2.23606797749979                                 5
893         15.027334474285388        2.23606797749979                                 5
894         15.027334474285388        1.7320508075688772                                 3
895         15.027334474285388        2.23606797749979                                 5
896         15.027334474285388        2.23606797749979                                 5
897         15.027334474285388        2.23606797749979                                 5
898         15.027334474285388        2.23606797749979                                 5
899         15.027334474285388        2.23606797749979                                 5
900         15.027334474285388        2.23606797749979                                 5
901         15.02214870165121        0.0                                 0
902         15.02214870165121        2.23606797749979                                 5
903         14.778845088776519        0.0                                 0
904         14.778845088776519        2.23606797749979                                 5
905         14.778845088776519        2.23606797749979                                 5
906         14.778845088776519        2.23606797749979                                 5
907         14.778845088776519        2.23606797749979                                 5
908         14.778845088776519        2.23606797749979                                 5
909         14.778845088776519        2.23606797749979                                 5
910         14.778845088776519        2.23606797749979                                 5
911         14.778845088776519        2.23606797749979                                 5
912         14.778845088776519        2.23606797749979                                 5
913         14.778845088776519        2.23606797749979                                 5
914         14.778845088776519        2.23606797749979                                 5
915         14.778845088776519        2.23606797749979                                 5
916         14.778845088776519        2.23606797749979                                 5
917         14.394158404403681        0.0                                 0
918         14.394158404403681        2.23606797749979                                 5
919         14.394158404403681        2.23606797749979                                 5
920         14.394158404403681        2.23606797749979                                 5
921         14.394158404403681        2.23606797749979                                 5
922         14.394158404403681        2.23606797749979                                 5
923         14.394158404403681        2.23606797749979                                 5
924         14.394158404403681        2.23606797749979                                 5
925         14.394158404403681        2.23606797749979                                 5
926         14.394158404403681        2.23606797749979                                 5
927         14.394158404403681        2.23606797749979                                 5
928         14.394158404403681        2.23606797749979                                 5
929         14.388899058350047        0.0                                 0
930         14.388899058350047        2.23606797749979                                 5
931         14.388899058350047        2.23606797749979                                 5
932         14.388899058350047        2.23606797749979                                 5
933         14.388899058350047        2.23606797749979                                 5
934         14.388899058350047        2.23606797749979                                 5
935         14.388899058350047        2.23606797749979                                 5
936         14.388899058350047        2.23606797749979                                 5
937         14.388899058350047        2.23606797749979                                 5
938         14.388899058350047        2.23606797749979                                 5
939         14.388899058350047        2.23606797749979                                 5
940         14.388899058350047        2.23606797749979                                 5
941         14.388899058350047        2.23606797749979                                 5
942         14.388899058350047        2.23606797749979                                 5
943         14.388899058350047        2.23606797749979                                 5
944         14.388899058350047        2.23606797749979                                 5
945         14.388831039235681        0.0                                 0
946         14.388831039235681        2.23606797749979                                 5
947         14.388831039235681        2.23606797749979                                 5
948         14.388831039235681        2.23606797749979                                 5
949         14.388831039235681        2.23606797749979                                 5
950         14.388831039235681        2.23606797749979                                 5
951         14.388831039235681        2.23606797749979                                 5
952         14.388831039235681        2.23606797749979                                 5
953         14.388831039235681        2.23606797749979                                 5
954         14.388831039235681        2.23606797749979                                 5
955         14.388831039235681        2.23606797749979                                 5
956         14.388831039235681        2.23606797749979                                 5
957         14.388831039235681        2.23606797749979                                 5
958         14.388831039235681        2.23606797749979                                 5
959         14.388831039235681        2.23606797749979                                 5
960         14.388831039235681        2.23606797749979                                 5
961         14.388831039235681        2.23606797749979                                 5
962         14.388831039235681        2.23606797749979                                 5
963         14.388831039235681        2.23606797749979                                 5
964         14.388831039235681        2.23606797749979                                 5
965         14.388831039235681        2.23606797749979                                 5
966         14.38049712931682        0.0                                 0
967         14.38049712931682        2.23606797749979                                 5
968         14.38049712931682        2.23606797749979                                 5
969         14.38049712931682        2.23606797749979                                 5
970         14.38049712931682        2.23606797749979                                 5
971         14.38049712931682        2.23606797749979                                 5
972         14.38049712931682        2.23606797749979                                 5
973         14.38049712931682        2.23606797749979                                 5
974         14.38049712931682        2.23606797749979                                 5
975         14.38049712931682        2.23606797749979                                 5
976         14.38049712931682        2.23606797749979                                 5
977         14.38049712931682        2.23606797749979                                 5
978         14.372738080447588        0.0                                 0
979         14.372738080447588        2.23606797749979                                 5
980         14.372738080447588        2.23606797749979                                 5
981         14.372738080447588        2.23606797749979                                 5
982         14.372738080447588        2.23606797749979                                 5
983         14.372738080447588        2.23606797749979                                 5
984         14.372738080447588        2.23606797749979                                 5
985         14.372738080447588        2.23606797749979                                 5
986         14.372738080447588        2.23606797749979                                 5
987         14.372738080447588        2.23606797749979                                 5
988         14.372738080447588        2.23606797749979                                 5
989         14.372738080447588        2.23606797749979                                 5
990         13.736548878375883        0.0                                 0
991         13.736548878375883        2.23606797749979                                 5
992         13.736548878375883        2.23606797749979                                 5
993         13.736548878375883        2.23606797749979                                 5
994         13.736548878375883        2.23606797749979                                 5
995         13.736548878375883        2.23606797749979                                 5
996         13.736548878375883        2.23606797749979                                 5
997         13.736548878375883        2.23606797749979                                 5
998         13.736548878375883        2.23606797749979                                 5
999         13.736548878375883        2.23606797749979                                 5
// Funcion: rastrigin Enfriamiento: exponencial Semilla: 448764031