iteracion  mejor_solucion    distancia_euclidiana                 distancia_hamming
0         28.434217312580493        0.0                                 0
1         29.234288116558105        0.0                                 0
2         29.10543919584001        0.0                                 0
3         29.039999624901853        0.0                                 0
4         29.03831031828902        0.0                                 0
5         29.03831031828902        0.0                                 0
6         29.065946052017953        0.0                                 0
7         28.855531889990793        0.0                                 0
8         27.74650481620532        0.0                                 0
9         27.74650481620532        0.0                                 0
10         29.463737200860585        0.0                                 0
11         30.314438624437575        0.0                                 0
12         28.935196382067204        0.0                                 0
13         28.372019563509067        0.0                                 0
14         28.358968938879194        0.0                                 0
15         28.358968938879194        0.0                                 0
16         28.418521650421877        0.0                                 0
17         25.991353687339114        0.0                                 0
18         25.986764761588393        0.0                                 0
19         25.986764761588393        0.0                                 0
20         25.785487719367822        0.0                                 0
21         25.78008126378303        0.0                                 0
22         25.77881448240394        0.0                                 0
23         25.77881448240394        0.0                                 0
24         23.081198194066282        0.0                                 0
25         23.025913638987976        0.0                                 0
26         23.025913638987976        0.0                                 0
27         23.503037026955607        0.0                                 0
28         23.491911075378408        0.0                                 0
29         23.491911075378408        0.0                                 0
30         23.939999408386637        0.0                                 0
31         23.636354463385057        0.0                                 0
32         23.636354463385057        0.0                                 0
33         23.666362836681454        0.0                                 0
34         23.681598612289918        0.0                                 0
35         23.681598612289918        0.0                                 0
36         23.934630670003706        0.0                                 0
37         23.895809062985297        0.0                                 0
38         23.806861202253604        0.0                                 0
39         23.70485734376395        0.0                                 0
40         23.656453527257536        0.0                                 0
41         23.65468869591241        0.0                                 0
42         23.65468869591241        0.0                                 0
43         23.658195044215553        0.0                                 0
44         23.664190857142852        0.0                                 0
45         24.110783633498638        0.0                                 0
46         24.1184480793685        0.0                                 0
47         24.30031107987541        0.0                                 0
48         24.289997963076697        0.0                                 0
49         24.289997963076697        0.0                                 0
50         24.281114855152623        0.0                                 0
51         24.281114855152623        0.0                                 0
52         24.160862805194874        0.0                                 0
53         22.21129481081898        0.0                                 0
54         22.21129481081898        0.0                                 0
55         22.241454463483517        0.0                                 0
56         22.34416572688207        0.0                                 0
57         22.70492191777242        0.0                                 0
58         22.738788294733848        0.0                                 0
59         23.4577728851608        0.0                                 0
60         23.365610953081593        0.0                                 0
61         23.00643116028717        0.0                                 0
62         21.285010789198083        0.0                                 0
63         21.252990031913722        0.0                                 0
64         21.252957745218403        0.0                                 0
65         21.252957745218403        0.0                                 0
66         21.2683689039484        0.0                                 0
67         21.398180616484275        0.0                                 0
68         20.585045703174416        0.0                                 0
69         20.585045703174416        0.0                                 0
70         21.67858117890488        0.0                                 0
71         21.304850922444164        0.0                                 0
72         21.304078387197993        0.0                                 0
73         21.304078387197993        0.0                                 0
74         20.8629355661703        0.0                                 0
75         20.8629355661703        0.0                                 0
76         18.879034372201424        0.0                                 0
77         18.879034372201424        0.0                                 0
78         18.885344396212997        0.0                                 0
79         20.519449873061877        0.0                                 0
80         20.289430732006885        0.0                                 0
81         20.285869762303548        0.0                                 0
82         20.282165400396625        0.0                                 0
83         20.282165400396625        0.0                                 0
84         20.284449997257934        2.23606797749979                                 5
85         20.284449997257934        0.0                                 0
86         20.513634232737086        0.0                                 0
87         21.67439551452423        0.0                                 0
88         22.598286062129358        0.0                                 0
89         22.598286062129358        0.0                                 0
90         24.270821089334945        0.0                                 0
91         24.380642467684773        0.0                                 0
92         26.45455291244251        0.0                                 0
93         26.28252493690324        0.0                                 0
94         26.28252493690324        0.0                                 0
95         26.421180769864232        0.0                                 0
96         26.419433318003215        0.0                                 0
97         26.077041952046365        0.0                                 0
98         23.164835667996993        0.0                                 0
99         23.164835667996993        0.0                                 0
100         23.184569948816137        0.0                                 0
101         23.54846026195324        0.0                                 0
102         23.54846026195324        0.0                                 0
103         23.55278266197897        0.0                                 0
104         23.552752324355144        0.0                                 0
105         23.552752324355144        0.0                                 0
106         23.553482919199936        0.0                                 0
107         23.518718060692148        0.0                                 0
108         23.518718060692148        0.0                                 0
109         23.51874158104603        0.0                                 0
110         24.66297879029005        0.0                                 0
111         24.651607913142616        0.0                                 0
112         24.65106066902103        0.0                                 0
113         24.65106066902103        0.0                                 0
114         24.686979839687627        2.23606797749979                                 5
115         24.686979839687627        0.0                                 0
116         24.68591971215431        0.0                                 0
117         24.685663988328415        0.0                                 0
118         22.1326472453861        0.0                                 0
119         22.1326472453861        0.0                                 0
120         20.569219684252186        0.0                                 0
121         20.569219684252186        0.0                                 0
122         20.48240766960932        0.0                                 0
123         20.48240766960932        0.0                                 0
124         20.719662697723578        0.0                                 0
125         20.719662697723578        0.0                                 0
126         20.89487135529953        0.0                                 0
127         18.160118950965447        0.0                                 0
128         18.160118950965447        0.0                                 0
129         19.463672444176318        0.0                                 0
130         19.69373961788699        2.23606797749979                                 5
131         19.69373961788699        0.0                                 0
132         19.71685244354867        0.0                                 0
133         19.757154670467        2.23606797749979                                 5
134         19.757154670467        2.23606797749979                                 5
135         19.74054140001316        0.0                                 0
136         19.74054140001316        0.0                                 0
137         19.817396997611645        0.0                                 0
138         19.817396997611645        0.0                                 0
139         18.40483304226923        0.0                                 0
140         18.39194935424911        0.0                                 0
141         18.39194935424911        0.0                                 0
142         18.610985864659728        0.0                                 0
143         18.57234009524189        0.0                                 0
144         18.47432654875371        0.0                                 0
145         18.47432654875371        0.0                                 0
146         18.605315835180285        0.0                                 0
147         18.605315835180285        2.23606797749979                                 5
148         18.605315835180285        0.0                                 0
149         18.655717046420623        0.0                                 0
150         18.655717046420623        2.23606797749979                                 5
151         18.655717046420623        2.23606797749979                                 5
152         18.053867176775416        0.0                                 0
153         18.0149925155488        0.0                                 0
154         18.0149925155488        2.23606797749979                                 5
155         18.0149925155488        2.23606797749979                                 5
156         18.0149925155488        2.23606797749979                                 5
157         17.40842716931786        0.0                                 0
158         17.40842716931786        2.23606797749979                                 5
159         17.40842716931786        2.23606797749979                                 5
160         17.40842716931786        0.0                                 0
161         17.38905649662485        0.0                                 0
162         17.38905649662485        2.23606797749979                                 5
163         17.38905649662485        2.23606797749979                                 5
164         17.37090984916244        0.0                                 0
165         17.37090984916244        0.0                                 0
166         17.35644200384325        0.0                                 0
167         17.35644200384325        0.0                                 0
168         17.462354366274667        0.0                                 0
169         16.976754894068158        0.0                                 0
170         16.976754894068158        0.0                                 0
171         16.97679469850202        2.23606797749979                                 5
172         16.97679469850202        2.23606797749979                                 5
173         16.953312772065722        0.0                                 0
174         16.953312772065722        2.23606797749979                                 5
175         16.94531577279932        0.0                                 0
176         15.78321969583153        0.0                                 0
177         15.702039794464605        0.0                                 0
178         15.702039794464605        2.23606797749979                                 5
179         13.73936494557034        0.0                                 0
180         13.73936494557034        2.23606797749979                                 5
181         13.73936494557034        2.23606797749979                                 5
182         13.107152115441746        0.0                                 0
183         13.107152115441746        2.23606797749979                                 5
184         13.10102300263641        0.0                                 0
185         13.030888785219808        0.0                                 0
186         11.56406690531802        0.0                                 0
187         10.418725913096132        0.0                                 0
188         10.418725913096132        2.23606797749979                                 5
189         10.415222080466314        0.0                                 0
190         10.415222080466314        2.23606797749979                                 5
191         10.415222080466314        2.23606797749979                                 5
192         10.335369284945225        0.0                                 0
193         9.714271894901074        0.0                                 0
194         9.60396626725939        0.0                                 0
195         9.60396626725939        2.23606797749979                                 5
196         9.60396626725939        2.23606797749979                                 5
197         9.60396626725939        2.23606797749979                                 5
198         9.60396626725939        2.23606797749979                                 5
199         9.60396626725939        2.23606797749979                                 5
200         9.445522208426937        0.0                                 0
201         9.444435421191947        0.0                                 0
202         9.444435421191947        2.23606797749979                                 5
203         9.444435421191947        0.0                                 0
204         9.378153319309751        0.0                                 0
205         9.37521396009296        0.0                                 0
206         9.108120900419111        0.0                                 0
207         9.108120900419111        2.23606797749979                                 5
208         9.108120900419111        2.23606797749979                                 5
209         9.108120900419111        2.23606797749979                                 5
210         9.108120900419111        2.23606797749979                                 5
211         9.108120900419111        2.23606797749979                                 5
212         9.108120900419111        2.23606797749979                                 5
213         9.108120900419111        2.23606797749979                                 5
214         8.559556460156003        0.0                                 0
215         8.445689891763172        0.0                                 0
216         7.838355790678079        0.0                                 0
217         7.763110968156013        0.0                                 0
218         7.763110968156013        0.0                                 0
219         7.772009217598844        2.23606797749979                                 5
220         7.724228433880212        0.0                                 0
221         7.724228433880212        2.23606797749979                                 5
222         7.710626794619308        0.0                                 0
223         7.697804936683289        0.0                                 0
224         7.697804936683289        0.0                                 0
225         7.553154907825509        0.0                                 0
226         7.5479360272741465        0.0                                 0
227         7.5479360272741465        2.23606797749979                                 5
228         7.5479360272741465        2.23606797749979                                 5
229         7.5479360272741465        2.23606797749979                                 5
230         7.5479360272741465        2.23606797749979                                 5
231         7.435099406404727        0.0                                 0
232         7.346998735467709        0.0                                 0
233         7.346998735467709        2.23606797749979                                 5
234         7.321866218735194        0.0                                 0
235         7.321866218735194        2.23606797749979                                 5
236         7.001770072366609        0.0                                 0
237         7.001770072366609        2.23606797749979                                 5
238         7.001770072366609        2.23606797749979                                 5
239         7.001770072366609        2.23606797749979                                 5
240         7.001770072366609        2.23606797749979                                 5
241         7.001770072366609        2.23606797749979                                 5
242         7.001770072366609        2.23606797749979                                 5
243         7.001770072366609        2.23606797749979                                 5
244         7.001770072366609        0.0                                 0
245         7.001790315476643        0.0                                 0
246         5.887705126441259        0.0                                 0
247         5.887705126441259        2.23606797749979                                 5
248         5.887705126441259        2.23606797749979                                 5
249         5.88697392856504        0.0                                 0
250         5.88697392856504        2.23606797749979                                 5
251         5.88697392856504        2.23606797749979                                 5
252         5.874409281339401        0.0                                 0
253         5.874409281339401        2.23606797749979                                 5
254         5.874409281339401        2.23606797749979                                 5
255         5.874409281339401        2.23606797749979                                 5
256         5.874409281339401        2.23606797749979                                 5
257         5.874409281339401        2.23606797749979                                 5
258         5.874409281339401        2.23606797749979                                 5
259         5.872814801425839        0.0                                 0
260         5.844521642725293        0.0                                 0
261         5.844521642725293        2.23606797749979                                 5
262         5.844521642725293        2.23606797749979                                 5
263         5.842018114668808        0.0                                 0
264         5.826417711865156        0.0                                 0
265         5.640809761560165        0.0                                 0
266         4.470283388886771        0.0                                 0
267         4.470283388886771        2.23606797749979                                 5
268         4.470283388886771        2.23606797749979                                 5
269         4.470283388886771        2.23606797749979                                 5
270         4.446451789692481        0.0                                 0
271         4.446451789692481        2.23606797749979                                 5
272         4.446451789692481        2.23606797749979                                 5
273         4.446451789692481        2.23606797749979                                 5
274         4.418530996418216        0.0                                 0
275         4.409382285974011        0.0                                 0
276         4.409382285974011        2.23606797749979                                 5
277         4.401912657789316        0.0                                 0
278         4.107247760357911        0.0                                 0
279         4.107247760357911        2.23606797749979                                 5
280         4.107247760357911        2.23606797749979                                 5
281         3.922621963725195        0.0                                 0
282         3.922621963725195        2.23606797749979                                 5
283         3.922621963725195        2.23606797749979                                 5
284         3.922621963725195        2.23606797749979                                 5
285         3.9184837099926355        0.0                                 0
286         3.9184837099926355        2.23606797749979                                 5
287         3.9184837099926355        2.23606797749979                                 5
288         3.9184837099926355        2.23606797749979                                 5
289         3.9184837099926355        2.23606797749979                                 5
290         3.9184837099926355        2.23606797749979                                 5
291         3.9184837099926355        0.0                                 0
292         3.9153123759670514        0.0                                 0
293         3.907713822739398        0.0                                 0
294         3.907713822739398        2.23606797749979                                 5
295         3.907713822739398        2.23606797749979                                 5
296         3.907713822739398        2.23606797749979                                 5
297         3.907452961315543        0.0                                 0
298         3.907452961315543        2.23606797749979                                 5
299         3.907452961315543        2.23606797749979                                 5
300         3.907452961315543        2.23606797749979                                 5
301         3.907452961315543        2.23606797749979                                 5
302         3.907452961315543        0.0                                 0
303         3.9082062629578567        2.23606797749979                                 5
304         3.9082062629578567        2.23606797749979                                 5
305         3.530171778486175        0.0                                 0
306         3.530171778486175        2.23606797749979                                 5
307         3.521402494466748        0.0                                 0
308         3.521402494466748        2.23606797749979                                 5
309         3.521402494466748        2.23606797749979                                 5
310         3.521402494466748        2.23606797749979                                 5
311         3.521402494466748        2.23606797749979                                 5
312         3.521402494466748        2.23606797749979                                 5
313         3.521402494466748        2.23606797749979                                 5
314         3.521402494466748        2.23606797749979                                 5
315         3.521402494466748        2.23606797749979                                 5
316         3.521402494466748        1.7320508075688772                                 3
317         3.4767679227008865        0.0                                 0
318         3.4767679227008865        2.23606797749979                                 5
319         3.45645146867588        0.0                                 0
320         3.45645146867588        2.23606797749979                                 5
321         3.4557509928829955        0.0                                 0
322         3.4557509928829955        2.23606797749979                                 5
323         3.4557509928829955        2.23606797749979                                 5
324         3.4552355940605533        0.0                                 0
325         3.3797322632359355        0.0                                 0
326         3.3797322632359355        2.23606797749979                                 5
327         3.3797322632359355        2.23606797749979                                 5
328         3.101367303446265        0.0                                 0
329         3.101367303446265        2.23606797749979                                 5
330         3.1008340337122084        0.0                                 0
331         3.1008340337122084        2.23606797749979                                 5
332         2.833932224516257        0.0                                 0
333         2.8206349060484235        0.0                                 0
334         2.8206349060484235        2.23606797749979                                 5
335         2.8206313334585356        0.0                                 0
336         2.7670671046234063        0.0                                 0
337         2.7670671046234063        1.7320508075688772                                 3
338         2.7670671046234063        2.23606797749979                                 5
339         2.7670671046234063        2.23606797749979                                 5
340         2.7670671046234063        2.23606797749979                                 5
341         2.7670671046234063        2.23606797749979                                 5
342         2.7670671046234063        2.23606797749979                                 5
343         2.7670671046234063        2.23606797749979                                 5
344         2.7670671046234063        2.23606797749979                                 5
345         2.7670671046234063        2.23606797749979                                 5
346         2.7670671046234063        2.23606797749979                                 5
347         2.7670671046234063        2.23606797749979                                 5
348         2.7670671046234063        2.23606797749979                                 5
349         2.7670671046234063        2.23606797749979                                 5
350         2.7670671046234063        2.23606797749979                                 5
351         2.7670671046234063        2.23606797749979                                 5
352         2.7670671046234063        2.23606797749979                                 5
353         2.7670671046234063        2.23606797749979                                 5
354         2.7655601726181325        0.0                                 0
355         2.7655601726181325        2.23606797749979                                 5
356         2.7655601726181325        2.23606797749979                                 5
357         2.7655601726181325        2.23606797749979                                 5
358         2.7655601726181325        2.23606797749979                                 5
359         2.7655601726181325        2.23606797749979                                 5
360         2.7655601726181325        2.23606797749979                                 5
361         2.7655601726181325        2.23606797749979                                 5
362         2.7655601726181325        2.23606797749979                                 5
363         2.7655601726181325        2.23606797749979                                 5
364         2.7655601726181325        2.23606797749979                                 5
365         2.7655601726181325        2.23606797749979                                 5
366         2.7655601726181325        2.23606797749979                                 5
367         2.7655601726181325        2.23606797749979                                 5
368         2.7655601726181325        2.23606797749979                                 5
369         2.7655601726181325        2.23606797749979                                 5
370         2.7655601726181325        2.23606797749979                                 5
371         2.7655601726181325        2.23606797749979                                 5
372         2.7655601726181325        2.23606797749979                                 5
373         2.7655601726181325        2.23606797749979                                 5
374         2.7655601726181325        2.23606797749979                                 5
375         2.7655601726181325        2.23606797749979                                 5
376         2.7655601726181325        2.23606797749979                                 5
377         2.7655601726181325        2.23606797749979                                 5
378         2.7655601726181325        2.23606797749979                                 5
379         2.7655601726181325        2.23606797749979                                 5
380         2.499673288277838        0.0                                 0
381         2.499673288277838        2.23606797749979                                 5
382         2.499673288277838        2.23606797749979                                 5
383         2.499673288277838        2.23606797749979                                 5
384         2.499673288277838        2.23606797749979                                 5
385         2.463941981433945        0.0                                 0
386         2.463941981433945        2.23606797749979                                 5
387         2.463941981433945        2.23606797749979                                 5
388         2.463941981433945        2.23606797749979                                 5
389         2.463941981433945        2.23606797749979                                 5
390         2.463941981433945        2.23606797749979                                 5
391         2.4639372135475788        0.0                                 0
392         2.4639372135475788        2.23606797749979                                 5
393         2.4639372135475788        2.23606797749979                                 5
394         2.4639372135475788        2.23606797749979                                 5
395         2.4639372135475788        2.23606797749979                                 5
396         2.4639372135475788        2.23606797749979                                 5
397         2.460522916596787        0.0                                 0
398         2.460522916596787        2.23606797749979                                 5
399         2.460522916596787        2.23606797749979                                 5
400         2.460522916596787        2.23606797749979                                 5
401         2.460522916596787        2.23606797749979                                 5
402         2.430268360368596        0.0                                 0
403         2.430268360368596        2.23606797749979                                 5
404         2.430268360368596        2.23606797749979                                 5
405         2.3951422937909346        0.0                                 0
406         2.3951422937909346        2.23606797749979                                 5
407         2.3951422937909346        2.23606797749979                                 5
408         2.3951422937909346        2.23606797749979                                 5
409         2.3951422937909346        2.23606797749979                                 5
410         2.3951422937909346        2.23606797749979                                 5
411         2.3951422937909346        2.23606797749979                                 5
412         2.3951422937909346        2.23606797749979                                 5
413         2.3951422937909346        2.23606797749979                                 5
414         2.3951422937909346        2.23606797749979                                 5
415         2.3950986748762664        0.0                                 0
416         2.3950986748762664        2.23606797749979                                 5
417         2.394725551706615        0.0                                 0
418         2.394725551706615        2.23606797749979                                 5
419         2.3865885366745547        0.0                                 0
420         2.3865885366745547        2.23606797749979                                 5
421         2.3863066835208966        0.0                                 0
422         2.3863066835208966        2.23606797749979                                 5
423         2.3640989024072834        0.0                                 0
424         2.3640989024072834        2.23606797749979                                 5
425         2.3640989024072834        1.7320508075688772                                 3
426         2.3640989024072834        2.23606797749979                                 5
427         2.3640989024072834        2.23606797749979                                 5
428         2.3640989024072834        2.23606797749979                                 5
429         2.3640989024072834        2.23606797749979                                 5
430         2.3640989024072834        2.23606797749979                                 5
431         2.3640989024072834        2.23606797749979                                 5
432         2.3640989024072834        2.23606797749979                                 5
433         2.3640989024072834        2.23606797749979                                 5
434         2.3640989024072834        2.23606797749979                                 5
435         2.3640989024072834        2.23606797749979                                 5
436         2.363972427149727        0.0                                 0
437         2.363972427149727        2.23606797749979                                 5
438         2.363972427149727        2.23606797749979                                 5
439         2.363972427149727        2.23606797749979                                 5
440         2.3623983576905747        0.0                                 0
441         2.3623983576905747        2.23606797749979                                 5
442         2.3623983576905747        2.23606797749979                                 5
443         2.3623983576905747        2.23606797749979                                 5
444         2.3623983576905747        2.23606797749979                                 5
445         2.3623983576905747        2.23606797749979                                 5
446         2.3623983576905747        2.23606797749979                                 5
447         2.357747031616854        0.0                                 0
448         2.357747031616854        2.23606797749979                                 5
449         2.357747031616854        2.23606797749979                                 5
450         2.3107617281450534        0.0                                 0
451         2.3107617281450534        2.23606797749979                                 5
452         2.3107617281450534        2.23606797749979                                 5
453         2.3107617281450534        2.23606797749979                                 5
454         2.3107617281450534        1.7320508075688772                                 3
455         2.3107617281450534        2.23606797749979                                 5
456         2.3107617281450534        2.23606797749979                                 5
457         2.3107617281450534        2.23606797749979                                 5
458         2.3107617281450534        2.23606797749979                                 5
459         2.3107386552793776        0.0                                 0
460         2.3107386552793776        2.23606797749979                                 5
461         2.3107386552793776        2.23606797749979                                 5
462         2.3107386552793776        2.23606797749979                                 5
463         2.3107386552793776        2.23606797749979                                 5
464         2.3107386552793776        2.23606797749979                                 5
465         2.3107386552793776        2.23606797749979                                 5
466         2.3107386552793776        2.23606797749979                                 5
467         2.3107386552793776        2.23606797749979                                 5
468         2.295069793046567        0.0                                 0
469         2.295069793046567        2.23606797749979                                 5
470         2.295069793046567        2.23606797749979                                 5
471         2.295069793046567        2.23606797749979                                 5
472         2.290938679813749        0.0                                 0
473         2.290938679813749        2.23606797749979                                 5
474         2.290938679813749        2.23606797749979                                 5
475         2.2909323386535925        0.0                                 0
476         2.2909323386535925        2.23606797749979                                 5
477         2.2909323386535925        2.23606797749979                                 5
478         2.2909323386535925        2.23606797749979                                 5
479         1.2922287516825663        0.0                                 0
480         1.2922287516825663        2.23606797749979                                 5
481         1.2922287516825663        2.23606797749979                                 5
482         1.2922287516825663        2.23606797749979                                 5
483         1.2922287516825663        2.23606797749979                                 5
484         1.2922287516825663        2.23606797749979                                 5
485         1.2922287516825663        2.23606797749979                                 5
486         1.2922287516825663        2.23606797749979                                 5
487         1.2922287516825663        2.23606797749979                                 5
488         1.2922287516825663        2.23606797749979                                 5
489         1.2922287516825663        2.23606797749979                                 5
490         1.2922287516825663        2.23606797749979                                 5
491         1.2922287516825663        2.23606797749979                                 5
492         1.2922287516825663        2.23606797749979                                 5
493         1.2922287516825663        2.23606797749979                                 5
494         1.2922287516825663        2.23606797749979                                 5
495         1.2922287516825663        2.23606797749979                                 5
496         1.2922287516825663        2.23606797749979                                 5
497         1.2922287516825663        2.23606797749979                                 5
498         1.2922287516825663        2.23606797749979                                 5
499         1.2922287516825663        2.23606797749979                                 5
500         1.2922287516825663        2.23606797749979                                 5
501         1.2922287516825663        2.23606797749979                                 5
502         1.2922287516825663        2.23606797749979                                 5
503         1.2922287516825663        2.23606797749979                                 5
504         1.2917384436590367        0.0                                 0
505         1.2917384436590367        2.23606797749979                                 5
506         1.2744144226358995        0.0                                 0
507         1.2744144226358995        2.23606797749979                                 5
508         1.2744144226358995        2.23606797749979                                 5
509         1.2744144226358995        2.23606797749979                                 5
510         1.2744144226358995        2.23606797749979                                 5
511         1.2744144226358995        2.23606797749979                                 5
512         1.2744144226358995        2.23606797749979                                 5
513         1.2744144226358995        2.23606797749979                                 5
514         1.2744144226358995        2.23606797749979                                 5
515         1.2744144226358995        2.23606797749979                                 5
516         1.2744144226358995        2.23606797749979                                 5
517         1.2744144226358995        2.23606797749979                                 5
518         1.2744144226358995        2.23606797749979                                 5
519         1.2744144226358995        2.23606797749979                                 5
520         1.2744144226358995        2.23606797749979                                 5
521         1.2744144226358995        2.23606797749979                                 5
522         1.2539393364943576        0.0                                 0
523         1.2539393364943576        2.23606797749979                                 5
524         1.2539393364943576        2.23606797749979                                 5
525         1.2539393364943576        2.23606797749979                                 5
526         1.2539393364943576        2.23606797749979                                 5
527         1.2539393364943576        2.23606797749979                                 5
528         1.2539393364943576        2.23606797749979                                 5
529         1.2539393364943576        2.23606797749979                                 5
530         1.2539393364943576        2.23606797749979                                 5
531         1.2539393364943576        2.23606797749979                                 5
532         1.2539393364943576        2.23606797749979                                 5
533         1.2539393364943576        2.23606797749979                                 5
534         1.2539393364943576        2.23606797749979                                 5
535         1.2539393364943576        2.23606797749979                                 5
536         1.2539393364943576        2.23606797749979                                 5
537         1.2539393364943576        2.23606797749979                                 5
538         1.2539393364943576        2.23606797749979                                 5
539         1.2539393364943576        2.23606797749979                                 5
540         1.2539393364943576        2.23606797749979                                 5
541         1.2539393364943576        2.23606797749979                                 5
542         1.2539393364943576        2.23606797749979                                 5
543         1.2524474778066221        0.0                                 0
544         1.2524474778066221        2.23606797749979                                 5
545         1.2524474778066221        2.23606797749979                                 5
546         1.2524474778066221        2.23606797749979                                 5
547         1.2524474778066221        2.23606797749979                                 5
548         1.2524474778066221        2.23606797749979                                 5
549         1.2524474778066221        2.23606797749979                                 5
550         1.2524474778066221        2.23606797749979                                 5
551         1.2524474778066221        2.23606797749979                                 5
552         1.2524474778066221        2.23606797749979                                 5
553         1.2524474778066221        2.23606797749979                                 5
554         1.2524474778066221        2.23606797749979                                 5
555         1.2524474778066221        2.23606797749979                                 5
556         1.2524474778066221        2.23606797749979                                 5
557         1.2524474778066221        2.23606797749979                                 5
558         1.2524474778066221        2.23606797749979                                 5
559         1.2522730754696276        0.0                                 0
560         1.2522730754696276        2.23606797749979                                 5
561         1.2522730754696276        2.23606797749979                                 5
562         1.2522730754696276        2.23606797749979                                 5
563         1.2522730754696276        2.23606797749979                                 5
564         1.2515490364913264        0.0                                 0
565         1.2515490364913264        2.23606797749979                                 5
566         1.2515490364913264        2.23606797749979                                 5
567         1.2515490364913264        2.23606797749979                                 5
568         1.2515490364913264        2.23606797749979                                 5
569         1.2515490364913264        2.23606797749979                                 5
570         1.2084414933645329        0.0                                 0
571         1.2084414933645329        2.23606797749979                                 5
572         1.2084414933645329        2.23606797749979                                 5
573         1.2084414933645329        2.23606797749979                                 5
574         1.2084414933645329        2.23606797749979                                 5
575         1.2084414933645329        2.23606797749979                                 5
576         1.2084414933645329        2.23606797749979                                 5
577         1.2084414933645329        2.23606797749979                                 5
578         1.2084414933645329        2.23606797749979                                 5
579         1.2084414933645329        2.23606797749979                                 5
580         1.2084414933645329        2.23606797749979                                 5
581         1.2084414933645329        2.23606797749979                                 5
582         1.2084414933645329        2.23606797749979                                 5
583         1.2050221626710336        0.0                                 0
584         1.2050221626710336        2.23606797749979                                 5
585         1.2050221626710336        2.23606797749979                                 5
586         1.2050221626710336        2.23606797749979                                 5
587         1.2050221626710336        2.23606797749979                                 5
588         1.2050221626710336        2.23606797749979                                 5
589         1.2050221626710336        1.7320508075688772                                 3
590         1.2050221626710336        2.23606797749979                                 5
591         1.2050221626710336        2.23606797749979                                 5
592         1.2050221626710336        2.23606797749979                                 5
593         1.2050221626710336        2.23606797749979                                 5
594         1.2050221626710336        2.23606797749979                                 5
595         1.2050221626710336        2.23606797749979                                 5
596         1.2050221626710336        2.23606797749979                                 5
597         0.47508982136979516        0.0                                 0
598         0.47508982136979516        1.7320508075688772                                 3
599         0.47508982136979516        2.23606797749979                                 5
600         0.47508982136979516        2.23606797749979                                 5
601         0.4739806042894665        0.0                                 0
602         0.4739806042894665        2.23606797749979                                 5
603         0.4739806042894665        2.23606797749979                                 5
604         0.4739806042894665        2.23606797749979                                 5
605         0.4739806042894665        2.23606797749979                                 5
606         0.4739806042894665        2.23606797749979                                 5
607         0.4739806042894665        2.23606797749979                                 5
608         0.4739806042894665        2.23606797749979                                 5
609         0.4739806042894665        2.23606797749979                                 5
610         0.4739806042894665        2.23606797749979                                 5
611         0.4739806042894665        2.23606797749979                                 5
612         0.4739806042894665        2.23606797749979                                 5
613         0.4739806042894665        2.23606797749979                                 5
614         0.4739806042894665        2.23606797749979                                 5
615         0.4739806042894665        2.23606797749979                                 5
616         0.4739806042894665        2.23606797749979                                 5
617         0.4739806042894665        2.23606797749979                                 5
618         0.4739806042894665        2.23606797749979                                 5
619         0.4739806042894665        2.23606797749979                                 5
620         0.4739806042894665        2.23606797749979                                 5
621         0.4739806042894665        2.23606797749979                                 5
622         0.4739806042894665        2.23606797749979                                 5
623         0.4739806042894665        2.23606797749979                                 5
624         0.4739806042894665        2.23606797749979                                 5
625         0.4739806042894665        2.23606797749979                                 5
626         0.4739806042894665        2.23606797749979                                 5
627         0.4739806042894665        2.23606797749979                                 5
628         0.4739806042894665        2.23606797749979                                 5
629         0.4739806042894665        2.23606797749979                                 5
630         0.4739806042894665        2.23606797749979                                 5
631         0.4739806042894665        2.23606797749979                                 5
632         0.4739806042894665        2.23606797749979                                 5
633         0.4739806042894665        2.23606797749979                                 5
634         0.4739806042894665        2.23606797749979                                 5
635         0.4739806042894665        2.23606797749979                                 5
636         0.4739806042894665        2.23606797749979                                 5
637         0.4728740838112827        0.0                                 0
638         0.4728740838112827        2.23606797749979                                 5
639         0.4728740838112827        2.23606797749979                                 5
640         0.4728740838112827        2.23606797749979                                 5
641         0.4728740838112827        2.23606797749979                                 5
642         0.4713344879066758        0.0                                 0
643         0.4713344879066758        2.23606797749979                                 5
644         0.4713344879066758        2.23606797749979                                 5
645         0.4713344879066758        2.23606797749979                                 5
646         0.4713344879066758        2.23606797749979                                 5
647         0.46558686922419773        0.0                                 0
648         0.46558686922419773        2.23606797749979                                 5
649         0.46558686922419773        2.23606797749979                                 5
650         0.46558686922419773        2.23606797749979                                 5
651         0.46558686922419773        2.23606797749979                                 5
652         0.46558686922419773        2.23606797749979                                 5
653         0.46558686922419773        2.23606797749979                                 5
654         0.4655867004209911        0.0                                 0
655         0.4655867004209911        2.23606797749979                                 5
656         0.4655867004209911        2.23606797749979                                 5
657         0.4655867004209911        2.23606797749979                                 5
658         0.4655867004209911        2.23606797749979                                 5
659         0.4655867004209911        2.23606797749979                                 5
660         0.4655867004209911        2.23606797749979                                 5
661         0.4655831229866773        0.0                                 0
662         0.2004806727846685        0.0                                 0
663         0.2004806727846685        2.23606797749979                                 5
664         0.2004806727846685        2.23606797749979                                 5
665         0.2004806727846685        2.23606797749979                                 5
666         0.19408206369952027        0.0                                 0
667         0.19408206369952027        2.23606797749979                                 5
668         0.19408206369952027        2.23606797749979                                 5
669         0.19408206369952027        2.23606797749979                                 5
670         0.19408206369952027        2.23606797749979                                 5
671         0.19408206369952027        2.23606797749979                                 5
672         0.19408206369952027        2.23606797749979                                 5
673         0.19408206369952027        2.23606797749979                                 5
674         0.19408206369952027        2.23606797749979                                 5
675         0.19408206369952027        2.23606797749979                                 5
676         0.19408206369952027        2.23606797749979                                 5
677         0.19408206369952027        2.23606797749979                                 5
678         0.18716120076497642        0.0                                 0
679         0.18716120076497642        2.23606797749979                                 5
680         0.18716120076497642        2.23606797749979                                 5
681         0.17940027401496048        0.0                                 0
682         0.17940027401496048        2.23606797749979                                 5
683         0.17496980769538786        0.0                                 0
684         0.17496980769538786        2.23606797749979                                 5
685         0.17496980769538786        2.23606797749979                                 5
686         0.17496980769538786        2.23606797749979                                 5
687         0.17496980769538786        2.23606797749979                                 5
688         0.17496980769538786        2.23606797749979                                 5
689         0.17496980769538786        2.23606797749979                                 5
690         0.17496980769538786        2.23606797749979                                 5
691         0.174949025686068        0.0                                 0
692         0.174949025686068        2.23606797749979                                 5
693         0.174949025686068        2.23606797749979                                 5
694         0.174949025686068        2.23606797749979                                 5
695         0.174949025686068        2.23606797749979                                 5
696         0.174949025686068        2.23606797749979                                 5
697         0.1632334521960547        0.0                                 0
698         0.1632334521960547        2.23606797749979                                 5
699         0.1632334521960547        2.23606797749979                                 5
700         0.1632334521960547        2.23606797749979                                 5
701         0.1632334521960547        2.23606797749979                                 5
702         0.1632334521960547        2.23606797749979                                 5
703         0.1632334521960547        2.23606797749979                                 5
704         0.1632334521960547        2.23606797749979                                 5
705         0.1632334521960547        2.23606797749979                                 5
706         0.1632334521960547        2.23606797749979                                 5
707         0.1632334521960547        2.23606797749979                                 5
708         0.1632334521960547        2.23606797749979                                 5
709         0.1632334521960547        2.23606797749979                                 5
710         0.1632334521960547        2.23606797749979                                 5
711         0.1632334521960547        2.23606797749979                                 5
712         0.1632334521960547        2.23606797749979                                 5
713         0.1632334521960547        2.23606797749979                                 5
714         0.1632334521960547        2.23606797749979                                 5
715         0.1632334521960547        2.23606797749979                                 5
716         0.1632334521960547        2.23606797749979                                 5
717         0.1632334521960547        2.23606797749979                                 5
718         0.1632334521960547        2.23606797749979                                 5
719         0.1632334521960547        2.23606797749979                                 5
720         0.1632334521960547        2.23606797749979                                 5
721         0.1632334521960547        2.23606797749979                                 5
722         0.1632334521960547        2.23606797749979                                 5
723         0.1632334521960547        2.23606797749979                                 5
724         0.16090203263342556        0.0                                 0
725         0.16090203263342556        2.23606797749979                                 5
726         0.16090203263342556        2.23606797749979                                 5
727         0.16090203263342556        2.23606797749979                                 5
728         0.16090203263342556        2.23606797749979                                 5
729         0.16090203263342556        2.23606797749979                                 5
730         0.16090203263342556        2.23606797749979                                 5
731         0.16090203263342556        2.23606797749979                                 5
732         0.16090203263342556        2.23606797749979                                 5
733         0.16090203263342556        1.7320508075688772                                 3
734         0.16090203263342556        2.23606797749979                                 5
735         0.16090203263342556        2.23606797749979                                 5
736         0.16090203263342556        2.23606797749979                                 5
737         0.16090203263342556        2.23606797749979                                 5
738         0.16090203263342556        2.23606797749979                                 5
739         0.16090203263342556        2.23606797749979                                 5
740         0.16090203263342556        2.23606797749979                                 5
741         0.16090203263342556        2.23606797749979                                 5
742         0.16090203263342556        2.23606797749979                                 5
743         0.16090203263342556        2.23606797749979                                 5
744         0.16090203263342556        2.23606797749979                                 5
745         0.16090203263342556        2.23606797749979                                 5
746         0.16090203263342556        2.23606797749979                                 5
747         0.16090203263342556        2.23606797749979                                 5
748         0.16090203263342556        2.23606797749979                                 5
749         0.16090203263342556        2.23606797749979                                 5
750         0.16090203263342556        2.23606797749979                                 5
751         0.16090203263342556        2.23606797749979                                 5
752         0.16090203263342556        2.23606797749979                                 5
753         0.16090203263342556        2.23606797749979                                 5
754         0.16090203263342556        2.23606797749979                                 5
755         0.16090203263342556        2.23606797749979                                 5
756         0.16090203263342556        2.23606797749979                                 5
757         0.16090203263342556        2.23606797749979                                 5
758         0.16090203263342556        2.23606797749979                                 5
759         0.16090203263342556        2.23606797749979                                 5
760         0.16090203263342556        2.23606797749979                                 5
761         0.16090203263342556        2.23606797749979                                 5
762         0.16090203263342556        2.23606797749979                                 5
763         0.16090203263342556        2.23606797749979                                 5
764         0.16090203263342556        2.23606797749979                                 5
765         0.16090203263342556        2.23606797749979                                 5
766         0.16090203263342556        2.23606797749979                                 5
767         0.16090203263342556        2.23606797749979                                 5
768         0.16090203263342556        2.23606797749979                                 5
769         0.16090203263342556        2.23606797749979                                 5
770         0.16090203263342556        2.23606797749979                                 5
771         0.16090203263342556        2.23606797749979                                 5
772         0.16090203263342556        2.23606797749979                                 5
773         0.16090203263342556        2.23606797749979                                 5
774         0.16090203263342556        2.23606797749979                                 5
775         0.16090203263342556        2.23606797749979                                 5
776         0.16090203263342556        2.23606797749979                                 5
777         0.16090203263342556        2.23606797749979                                 5
778         0.16090203263342556        2.23606797749979                                 5
779         0.16090203263342556        2.23606797749979                                 5
780         0.16077618005466485        0.0                                 0
781         0.16077618005466485        2.23606797749979                                 5
782         0.16077618005466485        2.23606797749979                                 5
783         0.16077618005466485        2.23606797749979                                 5
784         0.16077618005466485        2.23606797749979                                 5
785         0.16077618005466485        2.23606797749979                                 5
786         0.16077618005466485        2.23606797749979                                 5
787         0.16077618005466485        2.23606797749979                                 5
788         0.16077618005466485        2.23606797749979                                 5
789         0.16077618005466485        2.23606797749979                                 5
790         0.16077618005466485        2.23606797749979                                 5
791         0.16077618005466485        2.23606797749979                                 5
792         0.16077618005466485        2.23606797749979                                 5
793         0.16074338836762722        0.0                                 0
794         0.16074338836762722        2.23606797749979                                 5
795         0.16074338836762722        2.23606797749979                                 5
796         0.16074338836762722        2.23606797749979                                 5
797         0.16074338836762722        2.23606797749979                                 5
798         0.16074338836762722        2.23606797749979                                 5
799         0.16074338836762722        2.23606797749979                                 5
800         0.16074338836762722        2.23606797749979                                 5
801         0.16074338836762722        2.23606797749979                                 5
802         0.16074338836762722        2.23606797749979                                 5
803         0.16074338836762722        2.23606797749979                                 5
804         0.16074338836762722        2.23606797749979                                 5
805         0.1601542811071865        0.0                                 0
806         0.1601542811071865        2.23606797749979                                 5
807         0.1601542811071865        2.23606797749979                                 5
808         0.1601542811071865        2.23606797749979                                 5
809         0.1601542811071865        2.23606797749979                                 5
810         0.1601542811071865        2.23606797749979                                 5
811         0.1601542811071865        2.23606797749979                                 5
812         0.1601542811071865        2.23606797749979                                 5
813         0.1601542811071865        2.23606797749979                                 5
814         0.1601542811071865        2.23606797749979                                 5
815         0.1601542811071865        2.23606797749979                                 5
816         0.1601542811071865        2.23606797749979                                 5
817         0.1601542811071865        1.7320508075688772                                 3
818         0.1601542811071865        2.23606797749979                                 5
819         0.1601542811071865        2.23606797749979                                 5
820         0.1601542811071865        2.23606797749979                                 5
821         0.1601542811071865        2.23606797749979                                 5
822         0.1601542811071865        2.23606797749979                                 5
823         0.1601542811071865        2.23606797749979                                 5
824         0.1601542811071865        2.23606797749979                                 5
825         0.1601542811071865        2.23606797749979                                 5
826         0.1601542811071865        2.23606797749979                                 5
827         0.1601542811071865        2.23606797749979                                 5
828         0.1601542811071865        2.23606797749979                                 5
829         0.1601542811071865        2.23606797749979                                 5
830         0.1601542811071865        2.23606797749979                                 5
831         0.1601542811071865        2.23606797749979                                 5
832         0.1601542811071865        2.23606797749979                                 5
833         0.1601542811071865        2.23606797749979                                 5
834         0.1601542811071865        2.23606797749979                                 5
835         0.1601542811071865        2.23606797749979                                 5
836         0.1601542811071865        2.23606797749979                                 5
837         0.1601542811071865        2.23606797749979                                 5
838         0.1601542811071865        2.23606797749979                                 5
839         0.1601542811071865        2.23606797749979                                 5
840         0.1601542811071865        2.23606797749979                                 5
841         0.1601542811071865        2.23606797749979                                 5
842         0.1601542811071865        2.23606797749979                                 5
843         0.1601542811071865        2.23606797749979                                 5
844         0.1601542811071865        2.23606797749979                                 5
845         0.16002975079224413        0.0                                 0
846         0.16002975079224413        2.23606797749979                                 5
847         0.16002975079224413        2.23606797749979                                 5
848         0.16002975079224413        2.23606797749979                                 5
849         0.16002975079224413        2.23606797749979                                 5
850         0.16002975079224413        2.23606797749979                                 5
851         0.16002975079224413        2.23606797749979                                 5
852         0.16002975079224413        2.23606797749979                                 5
853         0.16002975079224413        2.23606797749979                                 5
854         0.16002975079224413        2.23606797749979                                 5
855         0.15930064474733305        0.0                                 0
856         0.15930064474733305        2.23606797749979                                 5
857         0.15930064474733305        2.23606797749979                                 5
858         0.15930064474733305        2.23606797749979                                 5
859         0.15930064474733305        2.23606797749979                                 5
860         0.15930064474733305        2.23606797749979                                 5
861         0.15930064474733305        2.23606797749979                                 5
862         0.15930064474733305        2.23606797749979                                 5
863         0.15925181765333674        0.0                                 0
864         0.15925181765333674        2.23606797749979                                 5
865         0.15759157503713309        0.0                                 0
866         0.15759157503713309        2.23606797749979                                 5
867         0.15759157503713309        2.23606797749979                                 5
868         0.15759157503713309        2.23606797749979                                 5
869         0.15759157503713309        2.23606797749979                                 5
870         0.15759157503713309        2.23606797749979                                 5
871         0.15759157503713309        2.23606797749979                                 5
872         0.15759157503713309        2.23606797749979                                 5
873         0.15759157503713309        2.23606797749979                                 5
874         0.15759157503713309        2.23606797749979                                 5
875         0.15744672066072457        0.0                                 0
876         0.15744672066072457        2.23606797749979                                 5
877         0.15744672066072457        2.23606797749979                                 5
878         0.15744672066072457        2.23606797749979                                 5
879         0.15744672066072457        2.23606797749979                                 5
880         0.15744672066072457        2.23606797749979                                 5
881         0.15744672066072457        2.23606797749979                                 5
882         0.15744672066072457        2.23606797749979                                 5
883         0.15744672066072457        2.23606797749979                                 5
884         0.15386120115346952        0.0                                 0
885         0.15386120115346952        2.23606797749979                                 5
886         0.15386120115346952        2.23606797749979                                 5
887         0.15386120115346952        2.23606797749979                                 5
888         0.15386120115346952        2.23606797749979                                 5
889         0.15386120115346952        2.23606797749979                                 5
890         0.1520827617702321        0.0                                 0
891         0.1519725880515532        0.0                                 0
892         0.1519725880515532        2.23606797749979                                 5
893         0.1519725880515532        2.23606797749979                                 5
894         0.1519725880515532        2.23606797749979                                 5
895         0.1519725880515532        2.23606797749979                                 5
896         0.15197195774050148        0.0                                 0
897         0.15197195774050148        2.23606797749979                                 5
898         0.15197195774050148        2.23606797749979                                 5
899         0.15197195774050148        2.23606797749979                                 5
900         0.15197195774050148        2.23606797749979                                 5
901         0.15197195774050148        2.23606797749979                                 5
902         0.15197195774050148        2.23606797749979                                 5
903         0.15197195774050148        2.23606797749979                                 5
904         0.15197195774050148        2.23606797749979                                 5
905         0.15197195774050148        2.23606797749979                                 5
906         0.15197195774050148        1.7320508075688772                                 3
907         0.15197195774050148        2.23606797749979                                 5
908         0.15197195774050148        2.23606797749979                                 5
909         0.15197195774050148        2.23606797749979                                 5
910         0.15197195774050148        2.23606797749979                                 5
911         0.15197195774050148        2.23606797749979                                 5
912         0.15197195774050148        2.23606797749979                                 5
913         0.15197195774050148        2.23606797749979                                 5
914         0.15197195774050148        2.23606797749979                                 5
915         0.15191042953238665        0.0                                 0
916         0.15191042953238665        2.23606797749979                                 5
917         0.15191042953238665        2.23606797749979                                 5
918         0.15191042953238665        2.23606797749979                                 5
919         0.15191042953238665        2.23606797749979                                 5
920         0.15191042953238665        2.23606797749979                                 5
921         0.04287676427727121        0.0                                 0
922         0.04287676427727121        2.23606797749979                                 5
923         0.04287676427727121        2.23606797749979                                 5
924         0.04286584580613261        0.0                                 0
925         0.04286584580613261        2.23606797749979                                 5
926         0.04286584580613261        2.23606797749979                                 5
927         0.04286584580613261        2.23606797749979                                 5
928         0.04286584580613261        2.23606797749979                                 5
929         0.04286584580613261        2.23606797749979                                 5
930         0.04286584580613261        2.23606797749979                                 5
931         0.04286584580613261        2.23606797749979                                 5
932         0.04286584580613261        2.23606797749979                                 5
933         0.04286584580613261        2.23606797749979                                 5
934         0.04286584580613261        2.23606797749979                                 5
935         0.04286584580613261        2.23606797749979                                 5
936         0.04286584580613261        2.23606797749979                                 5
937         0.04286584580613261        2.23606797749979                                 5
938         0.04286584580613261        2.23606797749979                                 5
939         0.04286584580613261        2.23606797749979                                 5
940         0.04286584580613261        2.23606797749979                                 5
941         0.04269096283915757        0.0                                 0
942         0.04269096283915757        2.23606797749979                                 5
943         0.04269096283915757        2.23606797749979                                 5
944         0.04269096283915757        2.23606797749979                                 5
945         0.04269096283915757        1.7320508075688772                                 3
946         0.04269096283915757        2.23606797749979                                 5
947         0.04236070703469316        0.0                                 0
948         0.04236070703469316        2.23606797749979                                 5
949         0.04236070703469316        2.23606797749979                                 5
950         0.04236070703469316        2.23606797749979                                 5
951         0.04236070703469316        2.23606797749979                                 5
952         0.04236070703469316        2.23606797749979                                 5
953         0.04236070703469316        2.23606797749979                                 5
954         0.04236070703469316        2.23606797749979                                 5
955         0.04236070703469316        2.23606797749979                                 5
956         0.04236070703469316        2.23606797749979                                 5
957         0.04236070703469316        2.23606797749979                                 5
958         0.04236070703469316        2.23606797749979                                 5
959         0.04236070703469316        2.23606797749979                                 5
960         0.04236070703469316        2.23606797749979                                 5
961         0.04236070703469316        2.23606797749979                                 5
962         0.04236070703469316        2.23606797749979                                 5
963         0.04236070703469316        2.23606797749979                                 5
964         0.04236070703469316        2.23606797749979                                 5
965         0.04136778301915879        0.0                                 0
966         0.04136778301915879        2.23606797749979                                 5
967         0.04136778301915879        2.23606797749979                                 5
968         0.04136778301915879        2.23606797749979                                 5
969         0.04136778301915879        1.7320508075688772                                 3
970         0.04136778301915879        2.23606797749979                                 5
971         0.04136778301915879        2.23606797749979                                 5
972         0.04136778301915879        2.23606797749979                                 5
973         0.04136778301915879        2.23606797749979                                 5
974         0.04136778301915879        2.23606797749979                                 5
975         0.04136778301915879        2.23606797749979                                 5
976         0.04136778301915879        2.23606797749979                                 5
977         0.04136778301915879        2.23606797749979                                 5
978         0.04136778301915879        2.23606797749979                                 5
979         0.04136778301915879        2.23606797749979                                 5
980         0.04136778301915879        2.23606797749979                                 5
981         0.04046817850324065        0.0                                 0
982         0.04046817850324065        2.23606797749979                                 5
983         0.04046817850324065        2.23606797749979                                 5
984         0.04046817850324065        2.23606797749979                                 5
985         0.04046817850324065        2.23606797749979                                 5
986         0.04046817850324065        2.23606797749979                                 5
987         0.04046817850324065        2.23606797749979                                 5
988         0.04046817850324065        2.23606797749979                                 5
989         0.04046817850324065        2.23606797749979                                 5
990         0.04046817850324065        2.23606797749979                                 5
991         0.04046817850324065        2.23606797749979                                 5
992         0.04011165272123043        0.0                                 0
993         0.04011165272123043        2.23606797749979                                 5
994         0.04011165272123043        2.23606797749979                                 5
995         0.04011165272123043        2.23606797749979                                 5
996         0.04011165272123043        2.23606797749979                                 5
997         0.04011165272123043        2.23606797749979                                 5
998         0.03574222186713614        0.0                                 0
999         0.03574222186713614        2.23606797749979                                 5
// Funcion: sphere Enfriamiento: exponencial Semilla: 2064880671