iteracion  mejor_solucion    distancia_euclidiana                 distancia_hamming
0         24.026313187772015        0.0                                 0
1         23.992123801357685        0.0                                 0
2         23.992123801357685        0.0                                 0
3         23.998698358477498        0.0                                 0
4         24.248245417616385        0.0                                 0
5         23.60119292250193        0.0                                 0
6         21.307156912390244        0.0                                 0
7         17.857872781550018        0.0                                 0
8         17.857872781550018        0.0                                 0
9         19.004921936864616        0.0                                 0
10         17.33645634804766        0.0                                 0
11         17.33645634804766        0.0                                 0
12         17.34513492042312        0.0                                 0
13         17.264122247527713        0.0                                 0
14         17.264122247527713        0.0                                 0
15         18.990453516145596        0.0                                 0
16         19.00643602357845        0.0                                 0
17         19.594614733492467        0.0                                 0
18         19.644882047182765        0.0                                 0
19         21.736930160213007        0.0                                 0
20         21.759886238543572        0.0                                 0
21         21.693557762835013        0.0                                 0
22         21.693557762835013        0.0                                 0
23         21.71617680916602        0.0                                 0
24         21.90131215518047        0.0                                 0
25         21.968552695443737        0.0                                 0
26         21.977389489714785        0.0                                 0
27         22.308103408033972        0.0                                 0
28         22.308103408033972        0.0                                 0
29         23.67307162041756        0.0                                 0
30         23.654133552394473        0.0                                 0
31         23.654133552394473        0.0                                 0
32         25.397825832737887        0.0                                 0
33         23.827321014928422        0.0                                 0
34         23.437731685221486        0.0                                 0
35         23.437731685221486        0.0                                 0
36         23.47798440927274        0.0                                 0
37         24.0585182725619        0.0                                 0
38         23.898217771722152        0.0                                 0
39         23.898137920585846        0.0                                 0
40         23.8914398864822        0.0                                 0
41         22.766338366132313        0.0                                 0
42         22.766338366132313        0.0                                 0
43         24.319088494610018        0.0                                 0
44         24.319088494610018        0.0                                 0
45         24.32105102780605        0.0                                 0
46         26.447875160083797        0.0                                 0
47         26.447875160083797        0.0                                 0
48         26.72694343378162        0.0                                 0
49         26.81607670197063        0.0                                 0
50         26.81721717500089        0.0                                 0
51         29.957609623143405        0.0                                 0
52         29.946637924793357        0.0                                 0
53         29.946637924793357        0.0                                 0
54         30.059652647996966        0.0                                 0
55         30.628465576564896        0.0                                 0
56         27.974803968002135        0.0                                 0
57         27.942854006863445        0.0                                 0
58         27.14097988050036        0.0                                 0
59         24.651415651240427        0.0                                 0
60         24.651415651240427        0.0                                 0
61         24.89536521734584        0.0                                 0
62         22.724779362886427        0.0                                 0
63         21.07079678340377        0.0                                 0
64         21.062453658391533        0.0                                 0
65         21.062453658391533        0.0                                 0
66         21.114938904055652        0.0                                 0
67         20.95007073097679        0.0                                 0
68         20.166018769655818        0.0                                 0
69         20.16232685803881        0.0                                 0
70         20.16232685803881        0.0                                 0
71         19.15302676815841        0.0                                 0
72         19.15302676815841        0.0                                 0
73         20.92226718751573        0.0                                 0
74         20.92226718751573        0.0                                 0
75         22.316877079362673        0.0                                 0
76         22.296423562399855        0.0                                 0
77         22.296423562399855        0.0                                 0
78         22.296423933645766        0.0                                 0
79         22.304271155685296        0.0                                 0
80         22.65977953438194        0.0                                 0
81         24.460745588820245        0.0                                 0
82         24.77236369137992        0.0                                 0
83         24.77236369137992        0.0                                 0
84         25.668307944318922        0.0                                 0
85         25.446526570029558        0.0                                 0
86         25.446526570029558        0.0                                 0
87         25.42853019588087        0.0                                 0
88         22.59244126885545        0.0                                 0
89         22.12898444943686        0.0                                 0
90         21.170919615288113        0.0                                 0
91         21.170919615288113        0.0                                 0
92         21.247130106061853        0.0                                 0
93         21.676955386869608        2.23606797749979                                 5
94         21.572871833046275        0.0                                 0
95         21.572871833046275        0.0                                 0
96         21.31772586078025        0.0                                 0
97         21.31772586078025        0.0                                 0
98         21.483759825858787        2.23606797749979                                 5
99         21.385053850330248        0.0                                 0
100         21.37244887731926        0.0                                 0
101         21.37244887731926        0.0                                 0
102         21.382290822168812        0.0                                 0
103         21.382431774253114        0.0                                 0
104         22.005318727408323        0.0                                 0
105         22.181532911486457        0.0                                 0
106         22.175550881509327        0.0                                 0
107         22.054984454726135        0.0                                 0
108         22.054984454726135        0.0                                 0
109         23.04471035764678        0.0                                 0
110         23.04471035764678        0.0                                 0
111         23.909822140578704        0.0                                 0
112         24.846180434483987        0.0                                 0
113         24.657973428919405        0.0                                 0
114         24.554679985661117        0.0                                 0
115         24.554679985661117        0.0                                 0
116         24.559214722843336        0.0                                 0
117         25.298883532382632        0.0                                 0
118         25.298883532382632        2.23606797749979                                 5
119         25.298883532382632        2.23606797749979                                 5
120         25.298883532382632        0.0                                 0
121         25.169358554873124        0.0                                 0
122         25.169358554873124        0.0                                 0
123         22.443118337656166        0.0                                 0
124         22.443118337656166        2.23606797749979                                 5
125         22.443118337656166        0.0                                 0
126         22.555563269364253        0.0                                 0
127         22.890685811144706        0.0                                 0
128         22.52787929707426        0.0                                 0
129         21.88283963281002        0.0                                 0
130         21.88283963281002        0.0                                 0
131         23.7596184745713        2.23606797749979                                 5
132         23.046733674380185        0.0                                 0
133         22.911104384243036        0.0                                 0
134         22.82968769157298        0.0                                 0
135         22.440016798594453        0.0                                 0
136         22.440016798594453        0.0                                 0
137         22.745375221398817        0.0                                 0
138         22.801119214861743        0.0                                 0
139         22.80237936971907        2.23606797749979                                 5
140         22.728295811803793        0.0                                 0
141         22.70402226989291        0.0                                 0
142         21.373181810014017        0.0                                 0
143         21.373181810014017        2.23606797749979                                 5
144         21.373181810014017        2.23606797749979                                 5
145         21.373181810014017        0.0                                 0
146         21.58322129676715        0.0                                 0
147         21.58322129676715        0.0                                 0
148         22.218482906653048        0.0                                 0
149         22.218482906653048        0.0                                 0
150         22.52326592966109        0.0                                 0
151         22.309537497534528        0.0                                 0
152         22.160982257175583        0.0                                 0
153         22.160982257175583        0.0                                 0
154         22.12512523666262        0.0                                 0
155         21.9945266135578        0.0                                 0
156         21.403447881175488        0.0                                 0
157         21.242666178903285        0.0                                 0
158         21.242666178903285        2.23606797749979                                 5
159         21.242666178903285        2.23606797749979                                 5
160         19.896277233016374        0.0                                 0
161         19.896277233016374        0.0                                 0
162         18.826440287821967        0.0                                 0
163         18.826440287821967        2.23606797749979                                 5
164         18.781500688093285        0.0                                 0
165         18.781500688093285        2.23606797749979                                 5
166         18.781500688093285        2.23606797749979                                 5
167         18.781500688093285        0.0                                 0
168         19.00010768761674        0.0                                 0
169         19.00010768761674        0.0                                 0
170         16.50595417453967        0.0                                 0
171         16.50595417453967        2.23606797749979                                 5
172         16.50595417453967        2.23606797749979                                 5
173         16.50595417453967        2.23606797749979                                 5
174         16.505033417988155        0.0                                 0
175         16.505033417988155        2.23606797749979                                 5
176         16.505033417988155        0.0                                 0
177         16.506134110420373        2.23606797749979                                 5
178         16.506134110420373        2.23606797749979                                 5
179         16.506134110420373        2.23606797749979                                 5
180         16.506134110420373        2.23606797749979                                 5
181         16.506134110420373        2.23606797749979                                 5
182         16.205122429132157        0.0                                 0
183         16.205122429132157        2.23606797749979                                 5
184         16.205122429132157        0.0                                 0
185         16.205746316403577        2.23606797749979                                 5
186         15.596772914748865        0.0                                 0
187         15.594121511931055        0.0                                 0
188         15.594121511931055        2.23606797749979                                 5
189         15.594121511931055        0.0                                 0
190         15.10967308413509        0.0                                 0
191         15.10967308413509        0.0                                 0
192         15.143681310230653        2.23606797749979                                 5
193         12.892046471857343        0.0                                 0
194         12.686869898098031        0.0                                 0
195         12.622846408384573        0.0                                 0
196         12.622846408384573        2.23606797749979                                 5
197         12.622846408384573        0.0                                 0
198         12.625827235082552        2.23606797749979                                 5
199         12.625827235082552        2.23606797749979                                 5
200         12.625827235082552        2.23606797749979                                 5
201         12.625827235082552        2.23606797749979                                 5
202         12.625827235082552        2.23606797749979                                 5
203         12.625827235082552        2.23606797749979                                 5
204         12.625827235082552        0.0                                 0
205         12.634398705113279        0.0                                 0
206         10.460006508045343        0.0                                 0
207         10.426685339780853        0.0                                 0
208         10.426685339780853        2.23606797749979                                 5
209         10.426685339780853        2.23606797749979                                 5
210         10.426685339780853        2.23606797749979                                 5
211         10.426685339780853        0.0                                 0
212         10.419993354164102        0.0                                 0
213         10.419993354164102        2.23606797749979                                 5
214         10.419993354164102        2.23606797749979                                 5
215         10.419993354164102        0.0                                 0
216         10.084055321247266        0.0                                 0
217         10.084055321247266        2.23606797749979                                 5
218         10.084055321247266        2.23606797749979                                 5
219         10.084055321247266        2.23606797749979                                 5
220         8.855035848060407        0.0                                 0
221         8.779977986570701        0.0                                 0
222         8.516217180466983        0.0                                 0
223         8.516070230436432        0.0                                 0
224         8.516070230436432        2.23606797749979                                 5
225         8.500762378770718        0.0                                 0
226         8.500762378770718        2.23606797749979                                 5
227         8.500762378770718        0.0                                 0
228         8.504802607354046        2.23606797749979                                 5
229         8.504802607354046        2.23606797749979                                 5
230         8.504802607354046        2.23606797749979                                 5
231         8.504802607354046        2.23606797749979                                 5
232         8.504802607354046        2.23606797749979                                 5
233         8.504281745225247        0.0                                 0
234         8.365822726895148        0.0                                 0
235         8.365822726895148        2.23606797749979                                 5
236         8.365822726895148        2.23606797749979                                 5
237         8.365822726895148        2.23606797749979                                 5
238         8.222476983418797        0.0                                 0
239         8.222476983418797        2.23606797749979                                 5
240         8.222476983418797        2.23606797749979                                 5
241         8.220862052559422        0.0                                 0
242         8.220862052559422        2.23606797749979                                 5
243         8.114584227270257        0.0                                 0
244         8.114584227270257        2.23606797749979                                 5
245         8.114584227270257        2.23606797749979                                 5
246         8.096176112629312        0.0                                 0
247         8.096176112629312        2.23606797749979                                 5
248         8.096176112629312        2.23606797749979                                 5
249         8.096176112629312        2.23606797749979                                 5
250         8.085999635460958        0.0                                 0
251         8.085999635460958        2.23606797749979                                 5
252         8.085999635460958        2.23606797749979                                 5
253         8.085999635460958        2.23606797749979                                 5
254         7.104493163247588        0.0                                 0
255         7.104493163247588        2.23606797749979                                 5
256         6.089669376857227        0.0                                 0
257         6.089669376857227        2.23606797749979                                 5
258         6.089669376857227        2.23606797749979                                 5
259         6.089669376857227        2.23606797749979                                 5
260         6.089669376857227        2.23606797749979                                 5
261         6.089669376857227        2.23606797749979                                 5
262         6.089669376857227        2.23606797749979                                 5
263         6.085949416141027        0.0                                 0
264         6.085949416141027        0.0                                 0
265         6.0859812314679855        2.23606797749979                                 5
266         6.0859812314679855        0.0                                 0
267         6.0865244541076695        2.23606797749979                                 5
268         6.0865244541076695        2.23606797749979                                 5
269         6.0865244541076695        2.23606797749979                                 5
270         6.0865244541076695        2.23606797749979                                 5
271         6.0865244541076695        1.7320508075688772                                 3
272         6.0865244541076695        2.23606797749979                                 5
273         6.0865244541076695        2.23606797749979                                 5
274         6.0865244541076695        2.23606797749979                                 5
275         6.0865244541076695        2.23606797749979                                 5
276         6.0865244541076695        2.23606797749979                                 5
277         6.0865244541076695        2.23606797749979                                 5
278         6.0865244541076695        2.23606797749979                                 5
279         6.0865244541076695        2.23606797749979                                 5
280         6.081790489890768        0.0                                 0
281         6.081790489890768        2.23606797749979                                 5
282         6.081790489890768        2.23606797749979                                 5
283         5.3353327568016615        0.0                                 0
284         5.3353327568016615        2.23606797749979                                 5
285         5.3353327568016615        2.23606797749979                                 5
286         5.3353327568016615        2.23606797749979                                 5
287         5.3353327568016615        2.23606797749979                                 5
288         5.3353327568016615        2.23606797749979                                 5
289         5.3353327568016615        2.23606797749979                                 5
290         4.957769022553745        0.0                                 0
291         4.957769022553745        2.23606797749979                                 5
292         3.190026912850846        0.0                                 0
293         3.190026912850846        2.23606797749979                                 5
294         3.189800076882379        0.0                                 0
295         3.1843015913420136        0.0                                 0
296         3.1843015913420136        2.23606797749979                                 5
297         3.1642893707448807        0.0                                 0
298         3.164127699767492        0.0                                 0
299         3.164127699767492        2.23606797749979                                 5
300         3.164127699767492        2.23606797749979                                 5
301         3.164127699767492        2.23606797749979                                 5
302         3.0466872857140452        0.0                                 0
303         3.0466872857140452        2.23606797749979                                 5
304         3.0466872857140452        2.23606797749979                                 5
305         3.0466872857140452        2.23606797749979                                 5
306         3.0466872857140452        2.23606797749979                                 5
307         3.0466872857140452        2.23606797749979                                 5
308         3.0466872857140452        2.23606797749979                                 5
309         3.0466872857140452        2.23606797749979                                 5
310         3.0466485939658536        0.0                                 0
311         3.0466485939658536        2.23606797749979                                 5
312         3.0466485939658536        2.23606797749979                                 5
313         3.028573011972228        0.0                                 0
314         3.028573011972228        2.23606797749979                                 5
315         3.028573011972228        2.23606797749979                                 5
316         3.028573011972228        0.0                                 0
317         3.028670927181687        2.23606797749979                                 5
318         3.028670927181687        2.23606797749979                                 5
319         3.028670927181687        2.23606797749979                                 5
320         3.016471410873305        0.0                                 0
321         3.016471410873305        2.23606797749979                                 5
322         3.016471410873305        2.23606797749979                                 5
323         3.016471410873305        2.23606797749979                                 5
324         3.016471410873305        1.7320508075688772                                 3
325         3.016471410873305        2.23606797749979                                 5
326         3.016471410873305        2.23606797749979                                 5
327         3.016471410873305        2.23606797749979                                 5
328         3.016471410873305        2.23606797749979                                 5
329         3.016471410873305        2.23606797749979                                 5
330         3.016471410873305        2.23606797749979                                 5
331         3.016471410873305        2.23606797749979                                 5
332         3.016471410873305        2.23606797749979                                 5
333         3.0121024227068727        0.0                                 0
334         3.0121024227068727        2.23606797749979                                 5
335         3.0121024227068727        2.23606797749979                                 5
336         3.0121024227068727        2.23606797749979                                 5
337         3.0121024227068727        2.23606797749979                                 5
338         3.0121024227068727        2.23606797749979                                 5
339         3.0121024227068727        2.23606797749979                                 5
340         3.0121024227068727        2.23606797749979                                 5
341         3.0121024227068727        2.23606797749979                                 5
342         3.0121024227068727        2.23606797749979                                 5
343         3.0118400128129803        0.0                                 0
344         3.0118400128129803        2.23606797749979                                 5
345         3.009105383876118        0.0                                 0
346         3.009105383876118        2.23606797749979                                 5
347         3.0075349816777934        0.0                                 0
348         3.007086410557015        0.0                                 0
349         3.007086410557015        2.23606797749979                                 5
350         2.883400831343829        0.0                                 0
351         2.883400831343829        2.23606797749979                                 5
352         2.883400831343829        1.7320508075688772                                 3
353         2.883400831343829        2.23606797749979                                 5
354         2.883383759139929        0.0                                 0
355         2.8832809678141826        0.0                                 0
356         2.8741360148327146        0.0                                 0
357         2.8741360148327146        2.23606797749979                                 5
358         2.8741360148327146        2.23606797749979                                 5
359         2.8741360148327146        2.23606797749979                                 5
360         2.8741360148327146        2.23606797749979                                 5
361         2.7938499398963574        0.0                                 0
362         2.7938499398963574        2.23606797749979                                 5
363         2.7938499398963574        2.23606797749979                                 5
364         2.7938499398963574        2.23606797749979                                 5
365         2.7938499398963574        2.23606797749979                                 5
366         2.7938499398963574        2.23606797749979                                 5
367         2.6667569059409093        0.0                                 0
368         1.654290394462804        0.0                                 0
369         1.654290394462804        2.23606797749979                                 5
370         1.654290394462804        2.23606797749979                                 5
371         1.6418946550921303        0.0                                 0
372         1.6418946550921303        2.23606797749979                                 5
373         1.6418946550921303        2.23606797749979                                 5
374         1.6418946550921303        2.23606797749979                                 5
375         1.6418946550921303        2.23606797749979                                 5
376         1.6418946550921303        2.23606797749979                                 5
377         1.6418946550921303        2.23606797749979                                 5
378         1.6418946550921303        2.23606797749979                                 5
379         1.6418946550921303        2.23606797749979                                 5
380         1.637233080761739        0.0                                 0
381         1.637233080761739        2.23606797749979                                 5
382         1.637233080761739        2.23606797749979                                 5
383         1.637233080761739        2.23606797749979                                 5
384         1.637233080761739        2.23606797749979                                 5
385         1.637233080761739        2.23606797749979                                 5
386         1.6362707246630666        0.0                                 0
387         1.6362707246630666        2.23606797749979                                 5
388         1.6362707246630666        2.23606797749979                                 5
389         1.6280473053384994        0.0                                 0
390         1.6280473053384994        2.23606797749979                                 5
391         1.6280473053384994        2.23606797749979                                 5
392         1.6280473053384994        2.23606797749979                                 5
393         1.6280473053384994        2.23606797749979                                 5
394         1.6280473053384994        2.23606797749979                                 5
395         1.6280473053384994        2.23606797749979                                 5
396         1.6280473053384994        2.23606797749979                                 5
397         1.6280473053384994        2.23606797749979                                 5
398         1.6280473053384994        2.23606797749979                                 5
399         1.6280473053384994        2.23606797749979                                 5
400         1.6223159219334036        0.0                                 0
401         1.6223159219334036        2.23606797749979                                 5
402         1.6223159219334036        2.23606797749979                                 5
403         1.6223159219334036        2.23606797749979                                 5
404         1.6223159219334036        2.23606797749979                                 5
405         1.6223159219334036        2.23606797749979                                 5
406         1.6223159219334036        2.23606797749979                                 5
407         1.6223159219334036        2.23606797749979                                 5
408         1.6223159219334036        2.23606797749979                                 5
409         1.6223159219334036        2.23606797749979                                 5
410         1.6223159219334036        2.23606797749979                                 5
411         1.6062510786189843        0.0                                 0
412         1.6062510786189843        2.23606797749979                                 5
413         1.6062510786189843        2.23606797749979                                 5
414         1.6062510786189843        2.23606797749979                                 5
415         1.6062510786189843        2.23606797749979                                 5
416         1.6062510786189843        2.23606797749979                                 5
417         1.603662187411365        0.0                                 0
418         1.603662187411365        1.7320508075688772                                 3
419         1.603662187411365        2.23606797749979                                 5
420         1.603662187411365        2.23606797749979                                 5
421         1.603662187411365        2.23606797749979                                 5
422         1.603662187411365        2.23606797749979                                 5
423         1.603662187411365        2.23606797749979                                 5
424         1.603662187411365        2.23606797749979                                 5
425         1.603662187411365        2.23606797749979                                 5
426         1.603662187411365        2.23606797749979                                 5
427         1.6035795637946393        0.0                                 0
428         1.6034843624131636        0.0                                 0
429         1.603122083347053        0.0                                 0
430         1.603122083347053        2.23606797749979                                 5
431         1.603122083347053        2.23606797749979                                 5
432         1.603122083347053        2.23606797749979                                 5
433         1.603122083347053        2.23606797749979                                 5
434         1.5988160183541846        0.0                                 0
435         1.5988160183541846        2.23606797749979                                 5
436         1.5988160183541846        2.23606797749979                                 5
437         1.5988160183541846        2.23606797749979                                 5
438         1.5965816295970303        0.0                                 0
439         1.5965816295970303        2.23606797749979                                 5
440         1.5965816295970303        2.23606797749979                                 5
441         1.5965816295970303        2.23606797749979                                 5
442         1.5965816295970303        2.23606797749979                                 5
443         1.3314961533916376        0.0                                 0
444         1.3314961533916376        2.23606797749979                                 5
445         1.3314961533916376        2.23606797749979                                 5
446         1.3314961533916376        2.23606797749979                                 5
447         1.3314961533916376        2.23606797749979                                 5
448         1.3314961533916376        2.23606797749979                                 5
449         1.3314961533916376        2.23606797749979                                 5
450         1.3314961533916376        2.23606797749979                                 5
451         1.3314961533916376        2.23606797749979                                 5
452         1.3314961533916376        2.23606797749979                                 5
453         1.3314961533916376        2.23606797749979                                 5
454         1.3314961533916376        2.23606797749979                                 5
455         1.3314961533916376        2.23606797749979                                 5
456         1.3314961533916376        1.7320508075688772                                 3
457         1.3314961533916376        2.23606797749979                                 5
458         1.3314961533916376        2.23606797749979                                 5
459         1.3314961533916376        2.23606797749979                                 5
460         1.3314961533916376        2.23606797749979                                 5
461         1.312791093394739        0.0                                 0
462         1.312791093394739        2.23606797749979                                 5
463         1.312791093394739        2.23606797749979                                 5
464         1.312791093394739        2.23606797749979                                 5
465         1.312791093394739        2.23606797749979                                 5
466         1.312791093394739        2.23606797749979                                 5
467         1.312791093394739        2.23606797749979                                 5
468         1.312791093394739        2.23606797749979                                 5
469         1.3086021522868332        0.0                                 0
470         1.3086021522868332        2.23606797749979                                 5
471         1.3086021522868332        2.23606797749979                                 5
472         0.3126346147751587        0.0                                 0
473         0.3126346147751587        2.23606797749979                                 5
474         0.3126346147751587        2.23606797749979                                 5
475         0.3126346147751587        2.23606797749979                                 5
476         0.3126346147751587        2.23606797749979                                 5
477         0.3126346147751587        2.23606797749979                                 5
478         0.3126346147751587        2.23606797749979                                 5
479         0.3126346147751587        2.23606797749979                                 5
480         0.3126346147751587        2.23606797749979                                 5
481         0.3126346147751587        2.23606797749979                                 5
482         0.3126346147751587        2.23606797749979                                 5
483         0.2820235080703455        0.0                                 0
484         0.2820235080703455        2.23606797749979                                 5
485         0.2820235080703455        2.23606797749979                                 5
486         0.2820235080703455        2.23606797749979                                 5
487         0.2820235080703455        2.23606797749979                                 5
488         0.2820235080703455        2.23606797749979                                 5
489         0.2820235080703455        2.23606797749979                                 5
490         0.2820235080703455        2.23606797749979                                 5
491         0.2820235080703455        2.23606797749979                                 5
492         0.2820235080703455        2.23606797749979                                 5
493         0.2820235080703455        2.23606797749979                                 5
494         0.2820235080703455        2.23606797749979                                 5
495         0.2818058377264619        0.0                                 0
496         0.2818058377264619        2.23606797749979                                 5
497         0.2818058377264619        2.23606797749979                                 5
498         0.2818058377264619        2.23606797749979                                 5
499         0.2818058377264619        2.23606797749979                                 5
500         0.2818058377264619        2.23606797749979                                 5
501         0.2818058377264619        2.23606797749979                                 5
502         0.2808295958998948        0.0                                 0
503         0.2808295958998948        2.23606797749979                                 5
504         0.2808295958998948        2.23606797749979                                 5
505         0.2808295958998948        2.23606797749979                                 5
506         0.2808295958998948        2.23606797749979                                 5
507         0.2782170524531872        0.0                                 0
508         0.2782170524531872        2.23606797749979                                 5
509         0.2782170524531872        2.23606797749979                                 5
510         0.2782170524531872        2.23606797749979                                 5
511         0.2782170524531872        2.23606797749979                                 5
512         0.2782170524531872        2.23606797749979                                 5
513         0.2782170524531872        2.23606797749979                                 5
514         0.2782170524531872        2.23606797749979                                 5
515         0.2782170524531872        2.23606797749979                                 5
516         0.2782170524531872        2.23606797749979                                 5
517         0.2782170524531872        2.23606797749979                                 5
518         0.2782170524531872        2.23606797749979                                 5
519         0.2782170524531872        2.23606797749979                                 5
520         0.2782170524531872        2.23606797749979                                 5
521         0.2782170524531872        2.23606797749979                                 5
522         0.2782170524531872        2.23606797749979                                 5
523         0.27563003086152127        0.0                                 0
524         0.27563003086152127        2.23606797749979                                 5
525         0.27563003086152127        2.23606797749979                                 5
526         0.27563003086152127        2.23606797749979                                 5
527         0.27563003086152127        2.23606797749979                                 5
528         0.27563003086152127        2.23606797749979                                 5
529         0.27563003086152127        2.23606797749979                                 5
530         0.27563003086152127        2.23606797749979                                 5
531         0.27563003086152127        2.23606797749979                                 5
532         0.27563003086152127        2.23606797749979                                 5
533         0.27563003086152127        2.23606797749979                                 5
534         0.2756167002330688        0.0                                 0
535         0.2756167002330688        2.23606797749979                                 5
536         0.2756167002330688        2.23606797749979                                 5
537         0.2756167002330688        2.23606797749979                                 5
538         0.2753910203502437        0.0                                 0
539         0.2753910203502437        2.23606797749979                                 5
540         0.2753910203502437        2.23606797749979                                 5
541         0.2753910203502437        2.23606797749979                                 5
542         0.2753910203502437        2.23606797749979                                 5
543         0.2753910203502437        2.23606797749979                                 5
544         0.2753910203502437        2.23606797749979                                 5
545         0.27243991364317516        0.0                                 0
546         0.27243991364317516        2.23606797749979                                 5
547         0.27243991364317516        2.23606797749979                                 5
548         0.27243991364317516        2.23606797749979                                 5
549         0.2724213799206094        0.0                                 0
550         0.27231610319567884        0.0                                 0
551         0.27231610319567884        2.23606797749979                                 5
552         0.27231610319567884        2.23606797749979                                 5
553         0.27231610319567884        2.23606797749979                                 5
554         0.27231610319567884        1.7320508075688772                                 3
555         0.27231610319567884        2.23606797749979                                 5
556         0.27231610319567884        2.23606797749979                                 5
557         0.27231610319567884        2.23606797749979                                 5
558         0.27231610319567884        2.23606797749979                                 5
559         0.27231610319567884        2.23606797749979                                 5
560         0.27231610319567884        2.23606797749979                                 5
561         0.27231610319567884        2.23606797749979                                 5
562         0.27231610319567884        2.23606797749979                                 5
563         0.27231610319567884        2.23606797749979                                 5
564         0.27231610319567884        2.23606797749979                                 5
565         0.27231610319567884        2.23606797749979                                 5
566         0.27231610319567884        2.23606797749979                                 5
567         0.27231610319567884        2.23606797749979                                 5
568         0.27231610319567884        2.23606797749979                                 5
569         0.27231610319567884        2.23606797749979                                 5
570         0.27231610319567884        2.23606797749979                                 5
571         0.2723097082343386        0.0                                 0
572         0.2723097082343386        2.23606797749979                                 5
573         0.2723097082343386        2.23606797749979                                 5
574         0.2723097082343386        2.23606797749979                                 5
575         0.2723097082343386        2.23606797749979                                 5
576         0.2723097082343386        2.23606797749979                                 5
577         0.27228058873213584        0.0                                 0
578         0.2721608917972141        0.0                                 0
579         0.2714076776974449        0.0                                 0
580         0.27104504001444635        0.0                                 0
581         0.27104504001444635        2.23606797749979                                 5
582         0.27102767088289376        0.0                                 0
583         0.27102767088289376        2.23606797749979                                 5
584         0.27102767088289376        2.23606797749979                                 5
585         0.27102767088289376        2.23606797749979                                 5
586         0.27102767088289376        2.23606797749979                                 5
587         0.27102767088289376        2.23606797749979                                 5
588         0.27102767088289376        2.23606797749979                                 5
589         0.27102767088289376        2.23606797749979                                 5
590         0.27102767088289376        2.23606797749979                                 5
591         0.27102767088289376        2.23606797749979                                 5
592         0.27102767088289376        2.23606797749979                                 5
593         0.27102767088289376        2.23606797749979                                 5
594         0.2686108174945379        0.0                                 0
595         0.2686108174945379        2.23606797749979                                 5
596         0.2686108174945379        2.23606797749979                                 5
597         0.2686108174945379        2.23606797749979                                 5
598         0.2686108174945379        2.23606797749979                                 5
599         0.2686108174945379        2.23606797749979                                 5
600         0.2686071652149136        0.0                                 0
601         0.2686071652149136        2.23606797749979                                 5
602         0.2686071652149136        2.23606797749979                                 5
603         0.2686071652149136        2.23606797749979                                 5
604         0.2686071652149136        2.23606797749979                                 5
605         0.2686071652149136        2.23606797749979                                 5
606         0.2686071652149136        2.23606797749979                                 5
607         0.2686071652149136        2.23606797749979                                 5
608         0.2686071652149136        2.23606797749979                                 5
609         0.2686071652149136        2.23606797749979                                 5
610         0.2686071652149136        2.23606797749979                                 5
611         0.2686071652149136        2.23606797749979                                 5
612         0.2686071652149136        2.23606797749979                                 5
613         0.2686071652149136        2.23606797749979                                 5
614         0.2686071652149136        2.23606797749979                                 5
615         0.2686071652149136        2.23606797749979                                 5
616         0.2686071652149136        2.23606797749979                                 5
617         0.2686071652149136        2.23606797749979                                 5
618         0.2686071652149136        2.23606797749979                                 5
619         0.2686071652149136        2.23606797749979                                 5
620         0.2686071652149136        2.23606797749979                                 5
621         0.2686071652149136        2.23606797749979                                 5
622         0.2686071652149136        2.23606797749979                                 5
623         0.2686071652149136        2.23606797749979                                 5
624         0.2686071652149136        2.23606797749979                                 5
625         0.2686071652149136        2.23606797749979                                 5
626         0.2686071652149136        2.23606797749979                                 5
627         0.2686071652149136        2.23606797749979                                 5
628         0.2686071652149136        2.23606797749979                                 5
629         0.2686071652149136        1.7320508075688772                                 3
630         0.2686071652149136        2.23606797749979                                 5
631         0.2686071652149136        2.23606797749979                                 5
632         0.2686071652149136        2.23606797749979                                 5
633         0.2686071652149136        2.23606797749979                                 5
634         0.2686071652149136        2.23606797749979                                 5
635         0.2686071652149136        2.23606797749979                                 5
636         0.2686071652149136        2.23606797749979                                 5
637         0.2686071652149136        2.23606797749979                                 5
638         0.26829398411387007        0.0                                 0
639         0.26829398411387007        2.23606797749979                                 5
640         0.26829398411387007        2.23606797749979                                 5
641         0.26829398411387007        2.23606797749979                                 5
642         0.26829398411387007        2.23606797749979                                 5
643         0.26829398411387007        2.23606797749979                                 5
644         0.26686108398125485        0.0                                 0
645         0.26686108398125485        2.23606797749979                                 5
646         0.26686108398125485        2.23606797749979                                 5
647         0.26686108398125485        2.23606797749979                                 5
648         0.26686108398125485        2.23606797749979                                 5
649         0.26686108398125485        2.23606797749979                                 5
650         0.26686108398125485        2.23606797749979                                 5
651         0.26686108398125485        2.23606797749979                                 5
652         0.26686108398125485        2.23606797749979                                 5
653         0.26686108398125485        2.23606797749979                                 5
654         0.26686108398125485        2.23606797749979                                 5
655         0.26686108398125485        2.23606797749979                                 5
656         0.26686108398125485        1.7320508075688772                                 3
657         0.26686108398125485        2.23606797749979                                 5
658         0.26628351008319656        0.0                                 0
659         0.26628351008319656        2.23606797749979                                 5
660         0.26628351008319656        2.23606797749979                                 5
661         0.26628351008319656        2.23606797749979                                 5
662         0.26628351008319656        2.23606797749979                                 5
663         0.26628351008319656        2.23606797749979                                 5
664         0.26628351008319656        2.23606797749979                                 5
665         0.25064178956082916        0.0                                 0
666         0.25064178956082916        2.23606797749979                                 5
667         0.25064178956082916        2.23606797749979                                 5
668         0.25064178956082916        2.23606797749979                                 5
669         0.25064178956082916        2.23606797749979                                 5
670         0.25064178956082916        2.23606797749979                                 5
671         0.25064178956082916        2.23606797749979                                 5
672         0.25064178956082916        2.23606797749979                                 5
673         0.2506397329920116        0.0                                 0
674         0.2506397329920116        2.23606797749979                                 5
675         0.25063955467639537        0.0                                 0
676         0.25063955467639537        2.23606797749979                                 5
677         0.25063955467639537        2.23606797749979                                 5
678         0.25063955467639537        2.23606797749979                                 5
679         0.25063955467639537        2.23606797749979                                 5
680         0.25063955467639537        2.23606797749979                                 5
681         0.25063955467639537        1.7320508075688772                                 3
682         0.25063955467639537        2.23606797749979                                 5
683         0.25063955467639537        2.23606797749979                                 5
684         0.25063955467639537        2.23606797749979                                 5
685         0.25063955467639537        2.23606797749979                                 5
686         0.25063955467639537        2.23606797749979                                 5
687         0.25063955467639537        2.23606797749979                                 5
688         0.25063955467639537        1.7320508075688772                                 3
689         0.25063955467639537        2.23606797749979                                 5
690         0.25063955467639537        2.23606797749979                                 5
691         0.25063955467639537        2.23606797749979                                 5
692         0.25063955467639537        2.23606797749979                                 5
693         0.24556938175470777        0.0                                 0
694         0.24556938175470777        2.23606797749979                                 5
695         0.24556938175470777        2.23606797749979                                 5
696         0.24554591051197258        0.0                                 0
697         0.24554591051197258        2.23606797749979                                 5
698         0.2034152140096403        0.0                                 0
699         0.2034152140096403        2.23606797749979                                 5
700         0.2034152140096403        2.23606797749979                                 5
701         0.2034152140096403        2.23606797749979                                 5
702         0.2034152140096403        2.23606797749979                                 5
703         0.12401269387042659        0.0                                 0
704         0.12401269387042659        2.23606797749979                                 5
705         0.12401269387042659        2.23606797749979                                 5
706         0.12401269387042659        2.23606797749979                                 5
707         0.12401269387042659        2.23606797749979                                 5
708         0.12401269387042659        2.23606797749979                                 5
709         0.12401269387042659        2.23606797749979                                 5
710         0.12401269387042659        2.23606797749979                                 5
711         0.12401269387042659        2.23606797749979                                 5
712         0.12401269387042659        2.23606797749979                                 5
713         0.12401269387042659        2.23606797749979                                 5
714         0.12401269387042659        2.23606797749979                                 5
715         0.12401269387042659        2.23606797749979                                 5
716         0.12401269387042659        2.23606797749979                                 5
717         0.12401269387042659        2.23606797749979                                 5
718         0.12401269387042659        2.23606797749979                                 5
719         0.12401269387042659        2.23606797749979                                 5
720         0.12401269387042659        2.23606797749979                                 5
721         0.12401269387042659        2.23606797749979                                 5
722         0.12401269387042659        2.23606797749979                                 5
723         0.12401269387042659        2.23606797749979                                 5
724         0.12401269387042659        2.23606797749979                                 5
725         0.12401269387042659        2.23606797749979                                 5
726         0.12401269387042659        2.23606797749979                                 5
727         0.12401269387042659        2.23606797749979                                 5
728         0.12401269387042659        2.23606797749979                                 5
729         0.12401269387042659        2.23606797749979                                 5
730         0.12401269387042659        2.23606797749979                                 5
731         0.12401269387042659        2.23606797749979                                 5
732         0.12401269387042659        2.23606797749979                                 5
733         0.12401269387042659        2.23606797749979                                 5
734         0.12401269387042659        2.23606797749979                                 5
735         0.12401269387042659        2.23606797749979                                 5
736         0.12401269387042659        2.23606797749979                                 5
737         0.12401269387042659        2.23606797749979                                 5
738         0.12401269387042659        2.23606797749979                                 5
739         0.12401269387042659        2.23606797749979                                 5
740         0.12401269387042659        2.23606797749979                                 5
741         0.12401269387042659        2.23606797749979                                 5
742         0.12401269387042659        2.23606797749979                                 5
743         0.12401269387042659        2.23606797749979                                 5
744         0.12401269387042659        2.23606797749979                                 5
745         0.12401269387042659        2.23606797749979                                 5
746         0.12401269387042659        2.23606797749979                                 5
747         0.12401269387042659        2.23606797749979                                 5
748         0.12401269387042659        2.23606797749979                                 5
749         0.12401269387042659        2.23606797749979                                 5
750         0.12401269387042659        2.23606797749979                                 5
751         0.12401269387042659        2.23606797749979                                 5
752         0.11196216833528917        0.0                                 0
753         0.11196216833528917        2.23606797749979                                 5
754         0.11196216833528917        2.23606797749979                                 5
755         0.11196216833528917        2.23606797749979                                 5
756         0.11196216833528917        2.23606797749979                                 5
757         0.0491673612878953        0.0                                 0
758         0.0491673612878953        2.23606797749979                                 5
759         0.0491673612878953        2.23606797749979                                 5
760         0.0491673612878953        2.23606797749979                                 5
761         0.0491673612878953        2.23606797749979                                 5
762         0.0491673612878953        2.23606797749979                                 5
763         0.0491673612878953        2.23606797749979                                 5
764         0.0491673612878953        2.23606797749979                                 5
765         0.0491673612878953        2.23606797749979                                 5
766         0.0491673612878953        2.23606797749979                                 5
767         0.0491673612878953        2.23606797749979                                 5
768         0.0491673612878953        2.23606797749979                                 5
769         0.0491673612878953        2.23606797749979                                 5
770         0.0491673612878953        2.23606797749979                                 5
771         0.0491673612878953        2.23606797749979                                 5
772         0.0491673612878953        2.23606797749979                                 5
773         0.0491673612878953        2.23606797749979                                 5
774         0.0491673612878953        2.23606797749979                                 5
775         0.0491673612878953        2.23606797749979                                 5
776         0.0491673612878953        2.23606797749979                                 5
777         0.04816994083868752        0.0                                 0
778         0.04816994083868752        2.23606797749979                                 5
779         0.04816994083868752        2.23606797749979                                 5
780         0.04816994083868752        2.23606797749979                                 5
781         0.04816994083868752        2.23606797749979                                 5
782         0.04800019957422195        0.0                                 0
783         0.04800019957422195        2.23606797749979                                 5
784         0.04800019957422195        2.23606797749979                                 5
785         0.04800019957422195        2.23606797749979                                 5
786         0.04800019957422195        2.23606797749979                                 5
787         0.04800019957422195        2.23606797749979                                 5
788         0.04800019957422195        2.23606797749979                                 5
789         0.04800019957422195        2.23606797749979                                 5
790         0.04800019957422195        2.23606797749979                                 5
791         0.04800019957422195        2.23606797749979                                 5
792         0.04800019957422195        2.23606797749979                                 5
793         0.04800019957422195        2.23606797749979                                 5
794         0.04800019957422195        2.23606797749979                                 5
795         0.0475299188045602        0.0                                 0
796         0.0475299188045602        2.23606797749979                                 5
797         0.0475299188045602        2.23606797749979                                 5
798         0.0475299188045602        2.23606797749979                                 5
799         0.04752975250519367        0.0                                 0
800         0.04752975250519367        2.23606797749979                                 5
801         0.04752975250519367        2.23606797749979                                 5
802         0.04752975250519367        2.23606797749979                                 5
803         0.04752975250519367        2.23606797749979                                 5
804         0.04752975250519367        2.23606797749979                                 5
805         0.04752975250519367        2.23606797749979                                 5
806         0.04752975250519367        2.23606797749979                                 5
807         0.04752975250519367        2.23606797749979                                 5
808         0.04752975250519367        2.23606797749979                                 5
809         0.04752975250519367        2.23606797749979                                 5
810         0.04752975250519367        2.23606797749979                                 5
811         0.047512530398986716        0.0                                 0
812         0.047512530398986716        2.23606797749979                                 5
813         0.047512530398986716        2.23606797749979                                 5
814         0.047512530398986716        2.23606797749979                                 5
815         0.047512530398986716        2.23606797749979                                 5
816         0.047512530398986716        2.23606797749979                                 5
817         0.047512530398986716        2.23606797749979                                 5
818         0.047512530398986716        2.23606797749979                                 5
819         0.047512530398986716        2.23606797749979                                 5
820         0.047512530398986716        2.23606797749979                                 5
821         0.047512530398986716        2.23606797749979                                 5
822         0.047512530398986716        2.23606797749979                                 5
823         0.047512530398986716        2.23606797749979                                 5
824         0.047508920534577524        0.0                                 0
825         0.047508920534577524        2.23606797749979                                 5
826         0.043067530761879316        0.0                                 0
827         0.043067530761879316        1.7320508075688772                                 3
828         0.043067530761879316        2.23606797749979                                 5
829         0.043067530761879316        2.23606797749979                                 5
830         0.043067530761879316        2.23606797749979                                 5
831         0.043067530761879316        2.23606797749979                                 5
832         0.043067530761879316        2.23606797749979                                 5
833         0.043067530761879316        2.23606797749979                                 5
834         0.043067530761879316        2.23606797749979                                 5
835         0.043067530761879316        2.23606797749979                                 5
836         0.043067530761879316        2.23606797749979                                 5
837         0.043067530761879316        2.23606797749979                                 5
838         0.043067530761879316        2.23606797749979                                 5
839         0.043067530761879316        2.23606797749979                                 5
840         0.043067530761879316        2.23606797749979                                 5
841         0.043067530761879316        2.23606797749979                                 5
842         0.043067530761879316        2.23606797749979                                 5
843         0.043067530761879316        2.23606797749979                                 5
844         0.043067530761879316        2.23606797749979                                 5
845         0.043067530761879316        2.23606797749979                                 5
846         0.043067530761879316        2.23606797749979                                 5
847         0.043067530761879316        2.23606797749979                                 5
848         0.043067530761879316        2.23606797749979                                 5
849         0.043067530761879316        2.23606797749979                                 5
850         0.043067530761879316        2.23606797749979                                 5
851         0.043067530761879316        2.23606797749979                                 5
852         0.043067530761879316        2.23606797749979                                 5
853         0.043067530761879316        2.23606797749979                                 5
854         0.043067530761879316        2.23606797749979                                 5
855         0.043067530761879316        2.23606797749979                                 5
856         0.043067530761879316        2.23606797749979                                 5
857         0.043067530761879316        2.23606797749979                                 5
858         0.043067530761879316        2.23606797749979                                 5
859         0.043067530761879316        2.23606797749979                                 5
860         0.043067530761879316        2.23606797749979                                 5
861         0.043067530761879316        2.23606797749979                                 5
862         0.043067530761879316        2.23606797749979                                 5
863         0.043067530761879316        2.23606797749979                                 5
864         0.043067530761879316        2.23606797749979                                 5
865         0.043067530761879316        2.23606797749979                                 5
866         0.043067530761879316        2.23606797749979                                 5
867         0.043067530761879316        2.23606797749979                                 5
868         0.043067530761879316        2.23606797749979                                 5
869         0.043067530761879316        2.23606797749979                                 5
870         0.04303263783662527        0.0                                 0
871         0.04303263783662527        2.23606797749979                                 5
872         0.04303263783662527        2.23606797749979                                 5
873         0.04303263783662527        2.23606797749979                                 5
874         0.0378704566617431        0.0                                 0
875         0.0378704566617431        2.23606797749979                                 5
876         0.0378704566617431        2.23606797749979                                 5
877         0.0378704566617431        2.23606797749979                                 5
878         0.0378704566617431        2.23606797749979                                 5
879         0.0378704566617431        2.23606797749979                                 5
880         0.03785436270876358        0.0                                 0
881         0.037853039094117594        0.0                                 0
882         0.037853039094117594        2.23606797749979                                 5
883         0.037853039094117594        2.23606797749979                                 5
884         0.037853039094117594        2.23606797749979                                 5
885         0.037853039094117594        2.23606797749979                                 5
886         0.037853039094117594        1.7320508075688772                                 3
887         0.037853039094117594        2.23606797749979                                 5
888         0.037853039094117594        2.23606797749979                                 5
889         0.037853039094117594        2.23606797749979                                 5
890         0.037853039094117594        2.23606797749979                                 5
891         0.037853039094117594        2.23606797749979                                 5
892         0.037853039094117594        2.23606797749979                                 5
893         0.037853039094117594        2.23606797749979                                 5
894         0.037853039094117594        2.23606797749979                                 5
895         0.037853039094117594        1.7320508075688772                                 3
896         0.037853039094117594        2.23606797749979                                 5
897         0.037853039094117594        2.23606797749979                                 5
898         0.037853039094117594        2.23606797749979                                 5
899         0.037853039094117594        2.23606797749979                                 5
900         0.037853039094117594        2.23606797749979                                 5
901         0.037853039094117594        2.23606797749979                                 5
902         0.037853039094117594        2.23606797749979                                 5
903         0.037853039094117594        2.23606797749979                                 5
904         0.037853039094117594        2.23606797749979                                 5
905         0.037853039094117594        2.23606797749979                                 5
906         0.037853039094117594        2.23606797749979                                 5
907         0.037853039094117594        2.23606797749979                                 5
908         0.03767263034438262        0.0                                 0
909         0.03767263034438262        2.23606797749979                                 5
910         0.03767263034438262        2.23606797749979                                 5
911         0.03758202940758082        0.0                                 0
912         0.03758202940758082        2.23606797749979                                 5
913         0.03758202940758082        2.23606797749979                                 5
914         0.03758202940758082        2.23606797749979                                 5
915         0.020254317493112777        0.0                                 0
916         0.020254317493112777        2.23606797749979                                 5
917         0.020254317493112777        2.23606797749979                                 5
918         0.020254317493112777        2.23606797749979                                 5
919         0.020254317493112777        2.23606797749979                                 5
920         0.020254317493112777        2.23606797749979                                 5
921         0.020254317493112777        2.23606797749979                                 5
922         0.020254317493112777        2.23606797749979                                 5
923         0.020254317493112777        2.23606797749979                                 5
924         0.020254317493112777        2.23606797749979                                 5
925         0.020254317493112777        2.23606797749979                                 5
926         0.020254317493112777        2.23606797749979                                 5
927         0.020254317493112777        2.23606797749979                                 5
928         0.020254317493112777        2.23606797749979                                 5
929         0.020254317493112777        2.23606797749979                                 5
930         0.020254317493112777        2.23606797749979                                 5
931         0.020254317493112777        2.23606797749979                                 5
932         0.020254317493112777        2.23606797749979                                 5
933         0.020254317493112777        2.23606797749979                                 5
934         0.020254317493112777        2.23606797749979                                 5
935         0.004534433470870473        0.0                                 0
936         0.004290645218846777        0.0                                 0
937         0.004290645218846777        2.23606797749979                                 5
938         0.004290645218846777        2.23606797749979                                 5
939         0.004290645218846777        2.23606797749979                                 5
940         0.004290645218846777        2.23606797749979                                 5
941         0.004290645218846777        2.23606797749979                                 5
942         0.004290645218846777        2.23606797749979                                 5
943         0.004290645218846777        1.7320508075688772                                 3
944         0.004290645218846777        2.23606797749979                                 5
945         0.004290645218846777        2.23606797749979                                 5
946         0.004290645218846777        2.23606797749979                                 5
947         0.004290645218846777        2.23606797749979                                 5
948         0.004290645218846777        2.23606797749979                                 5
949         0.004290645218846777        2.23606797749979                                 5
950         0.004290645218846777        2.23606797749979                                 5
951         0.004290645218846777        2.23606797749979                                 5
952         0.004290645218846777        2.23606797749979                                 5
953         0.004290645218846777        2.23606797749979                                 5
954         0.004290645218846777        2.23606797749979                                 5
955         0.004290645218846777        2.23606797749979                                 5
956         0.004290645218846777        2.23606797749979                                 5
957         0.004290645218846777        2.23606797749979                                 5
958         0.0042703942098489015        0.0                                 0
959         0.0042703942098489015        2.23606797749979                                 5
960         0.0042703942098489015        2.23606797749979                                 5
961         0.0042703942098489015        2.23606797749979                                 5
962         0.0042703942098489015        2.23606797749979                                 5
963         0.0042703942098489015        2.23606797749979                                 5
964         0.002802406613471232        0.0                                 0
965         0.002802406613471232        2.23606797749979                                 5
966         0.002802406613471232        2.23606797749979                                 5
967         0.002802406613471232        2.23606797749979                                 5
968         0.002802406613471232        2.23606797749979                                 5
969         0.002802406613471232        2.23606797749979                                 5
970         0.002802406613471232        2.23606797749979                                 5
971         0.002802406613471232        2.23606797749979                                 5
972         0.002802406613471232        2.23606797749979                                 5
973         0.002802406613471232        2.23606797749979                                 5
974         0.002802406613471232        2.23606797749979                                 5
975         0.002802406613471232        2.23606797749979                                 5
976         0.002802406613471232        2.23606797749979                                 5
977         0.002802406613471232        2.23606797749979                                 5
978         0.002802406613471232        2.23606797749979                                 5
979         0.002802406613471232        2.23606797749979                                 5
980         0.002802406613471232        2.23606797749979                                 5
981         0.002802406613471232        2.23606797749979                                 5
982         0.002802406613471232        2.23606797749979                                 5
983         0.002802406613471232        2.23606797749979                                 5
984         0.002802406613471232        2.23606797749979                                 5
985         0.002802406613471232        2.23606797749979                                 5
986         0.002802406613471232        2.23606797749979                                 5
987         0.002802406613471232        2.23606797749979                                 5
988         0.002802406613471232        2.23606797749979                                 5
989         0.002802406613471232        2.23606797749979                                 5
990         0.002802406613471232        2.23606797749979                                 5
991         0.002802406613471232        2.23606797749979                                 5
992         0.002802406613471232        2.23606797749979                                 5
993         0.002802406613471232        2.23606797749979                                 5
994         0.002802406613471232        2.23606797749979                                 5
995         0.002802406613471232        2.23606797749979                                 5
996         0.002802406613471232        2.23606797749979                                 5
997         0.002802406613471232        2.23606797749979                                 5
998         0.002802406613471232        2.23606797749979                                 5
999         0.002802406613471232        2.23606797749979                                 5
// Funcion: sphere Enfriamiento: exponencial Semilla: 1766529029