iteracion  mejor_solucion    distancia_euclidiana                 distancia_hamming
0         36.98179848415211        0.0                                 0
1         36.97581674511634        0.0                                 0
2         36.97581674511634        0.0                                 0
3         36.98670304243887        0.0                                 0
4         37.11520358073702        0.0                                 0
5         40.05135161933028        0.0                                 0
6         39.2190926327143        0.0                                 0
7         37.511893491886006        0.0                                 0
8         37.403532994881445        0.0                                 0
9         37.403532994881445        0.0                                 0
10         38.18991505911986        0.0                                 0
11         38.18991505911986        0.0                                 0
12         38.34885569655191        0.0                                 0
13         38.42402030015419        0.0                                 0
14         38.287918336823154        0.0                                 0
15         38.287918336823154        0.0                                 0
16         39.21982225660119        0.0                                 0
17         39.375609794293716        0.0                                 0
18         42.608155190147095        0.0                                 0
19         42.67262886270199        0.0                                 0
20         42.667049257979        0.0                                 0
21         42.667049257979        0.0                                 0
22         41.97477889090375        0.0                                 0
23         41.97477889090375        0.0                                 0
24         42.59401122807259        0.0                                 0
25         42.5991897974767        0.0                                 0
26         39.68081813098189        0.0                                 0
27         39.11689390830146        0.0                                 0
28         37.85623188077783        0.0                                 0
29         32.27148871083524        0.0                                 0
30         32.27148871083524        0.0                                 0
31         32.33417154865594        0.0                                 0
32         32.33417154865594        0.0                                 0
33         32.81012678594262        0.0                                 0
34         34.081577067373246        0.0                                 0
35         34.91717234434806        0.0                                 0
36         33.44539668311        0.0                                 0
37         31.01607778478293        0.0                                 0
38         30.796704138191444        0.0                                 0
39         30.796704138191444        0.0                                 0
40         31.492055590218232        0.0                                 0
41         31.681858018315324        0.0                                 0
42         31.681858018315324        0.0                                 0
43         25.637006969641803        0.0                                 0
44         25.637006969641803        0.0                                 0
45         26.21571134582972        0.0                                 0
46         25.755939151697905        0.0                                 0
47         25.3774725588205        0.0                                 0
48         24.564365466606663        0.0                                 0
49         23.73348586276197        0.0                                 0
50         23.73348586276197        0.0                                 0
51         23.827614972690622        0.0                                 0
52         21.910923757788645        0.0                                 0
53         21.594582207064345        0.0                                 0
54         19.200477287001952        0.0                                 0
55         17.469637844964733        0.0                                 0
56         17.469637844964733        0.0                                 0
57         17.58133958571331        0.0                                 0
58         17.58133958571331        0.0                                 0
59         17.582538756184455        0.0                                 0
60         20.686684851764387        0.0                                 0
61         19.316934955944117        0.0                                 0
62         19.316934955944117        0.0                                 0
63         19.41036436211643        0.0                                 0
64         19.40744482715237        0.0                                 0
65         19.40744482715237        0.0                                 0
66         21.147067035965076        0.0                                 0
67         21.487074341399087        0.0                                 0
68         21.487074341399087        0.0                                 0
69         25.015010453467745        0.0                                 0
70         25.39301349239978        0.0                                 0
71         25.39469311936684        0.0                                 0
72         25.32610586983247        0.0                                 0
73         24.98762720845778        0.0                                 0
74         24.981897666771467        0.0                                 0
75         24.981897666771467        0.0                                 0
76         27.981199980426368        0.0                                 0
77         27.98502793308701        0.0                                 0
78         28.171758251355666        0.0                                 0
79         28.171758251355666        0.0                                 0
80         28.231875931184735        0.0                                 0
81         28.693300826795852        0.0                                 0
82         28.768538910771145        0.0                                 0
83         29.3003432686908        0.0                                 0
84         29.647391203068384        0.0                                 0
85         29.838567318639356        0.0                                 0
86         29.18739341264817        0.0                                 0
87         28.961707781170645        0.0                                 0
88         28.946229275694208        0.0                                 0
89         28.946229275694208        0.0                                 0
90         27.076250233341298        0.0                                 0
91         26.988892404765227        0.0                                 0
92         26.988892404765227        0.0                                 0
93         27.193765933322727        0.0                                 0
94         28.846080047810176        0.0                                 0
95         28.846080047810176        2.23606797749979                                 5
96         28.840164743021198        0.0                                 0
97         28.835305751653983        0.0                                 0
98         28.835305751653983        0.0                                 0
99         30.87310539894452        0.0                                 0
100         30.360795229346618        0.0                                 0
101         30.325091342921812        0.0                                 0
102         29.918885293472076        0.0                                 0
103         29.823713246706898        0.0                                 0
104         29.82257191945857        0.0                                 0
105         29.817626841866588        0.0                                 0
106         27.081710973427466        0.0                                 0
107         27.081710973427466        0.0                                 0
108         26.573454929468312        0.0                                 0
109         26.573454929468312        2.23606797749979                                 5
110         26.573454929468312        0.0                                 0
111         27.025707429218897        0.0                                 0
112         25.770893300603575        0.0                                 0
113         25.770893300603575        0.0                                 0
114         24.502810125018446        0.0                                 0
115         24.502810125018446        0.0                                 0
116         23.775347218693476        0.0                                 0
117         23.775347218693476        0.0                                 0
118         24.15694659444735        0.0                                 0
119         24.15694659444735        0.0                                 0
120         22.91044334345801        0.0                                 0
121         22.91044334345801        0.0                                 0
122         23.75198425793959        0.0                                 0
123         24.7522620876461        0.0                                 0
124         24.720246934223518        0.0                                 0
125         24.719391634681735        0.0                                 0
126         24.719391634681735        2.23606797749979                                 5
127         24.638481738574477        0.0                                 0
128         24.638481738574477        0.0                                 0
129         25.378514277062692        0.0                                 0
130         25.378514277062692        0.0                                 0
131         27.108473574046407        2.23606797749979                                 5
132         27.102698343725535        0.0                                 0
133         27.102698343725535        0.0                                 0
134         27.125403807782064        0.0                                 0
135         27.138622234868333        2.23606797749979                                 5
136         27.123458796393624        0.0                                 0
137         27.123458796393624        0.0                                 0
138         29.043417921971404        2.23606797749979                                 5
139         29.043417921971404        0.0                                 0
140         29.146505404217308        2.23606797749979                                 5
141         29.146505404217308        0.0                                 0
142         30.00832113844494        2.23606797749979                                 5
143         30.00832113844494        2.23606797749979                                 5
144         30.007991253266795        0.0                                 0
145         29.35906720331336        0.0                                 0
146         28.023068417535796        0.0                                 0
147         28.023068417535796        2.23606797749979                                 5
148         28.023068417535796        0.0                                 0
149         27.324928126791487        0.0                                 0
150         27.324928126791487        2.23606797749979                                 5
151         27.053841648051584        0.0                                 0
152         26.488617751482952        0.0                                 0
153         26.38273091635354        0.0                                 0
154         26.38273091635354        2.23606797749979                                 5
155         26.38273091635354        2.23606797749979                                 5
156         26.38273091635354        0.0                                 0
157         26.382784247594863        2.23606797749979                                 5
158         26.382784247594863        2.23606797749979                                 5
159         26.382784247594863        0.0                                 0
160         26.421597572974314        0.0                                 0
161         23.784272437178192        0.0                                 0
162         23.784272437178192        2.23606797749979                                 5
163         23.774492672250044        0.0                                 0
164         23.100815303248336        0.0                                 0
165         23.100815303248336        2.23606797749979                                 5
166         23.100815303248336        2.23606797749979                                 5
167         22.68774461944061        0.0                                 0
168         22.68774461944061        2.23606797749979                                 5
169         22.68774461944061        2.23606797749979                                 5
170         22.68774461944061        2.23606797749979                                 5
171         22.68774461944061        0.0                                 0
172         22.689439837130625        0.0                                 0
173         22.58872001161482        0.0                                 0
174         21.436141223169912        0.0                                 0
175         21.436141223169912        2.23606797749979                                 5
176         21.436141223169912        2.23606797749979                                 5
177         20.76215538425742        0.0                                 0
178         20.72548352194145        0.0                                 0
179         18.979489246567045        0.0                                 0
180         18.979489246567045        2.23606797749979                                 5
181         18.979489246567045        0.0                                 0
182         18.990687539010782        2.23606797749979                                 5
183         18.990687539010782        2.23606797749979                                 5
184         18.990687539010782        2.23606797749979                                 5
185         18.990687539010782        2.23606797749979                                 5
186         18.990687539010782        0.0                                 0
187         18.669948029627715        0.0                                 0
188         18.641742639392348        0.0                                 0
189         18.641742639392348        2.23606797749979                                 5
190         18.641742639392348        2.23606797749979                                 5
191         18.641742639392348        2.23606797749979                                 5
192         18.63899555939432        0.0                                 0
193         18.63899555939432        2.23606797749979                                 5
194         18.56167379274158        0.0                                 0
195         18.56167379274158        2.23606797749979                                 5
196         18.56167379274158        2.23606797749979                                 5
197         18.55924561681454        0.0                                 0
198         18.55924561681454        2.23606797749979                                 5
199         18.55924561681454        2.23606797749979                                 5
200         18.55924561681454        0.0                                 0
201         18.601652748702595        2.23606797749979                                 5
202         18.601652748702595        2.23606797749979                                 5
203         18.58107825962151        0.0                                 0
204         18.58107825962151        2.23606797749979                                 5
205         18.58107825962151        2.23606797749979                                 5
206         18.58107825962151        2.23606797749979                                 5
207         18.58107825962151        2.23606797749979                                 5
208         18.58107825962151        2.23606797749979                                 5
209         18.567001547311015        0.0                                 0
210         18.567001547311015        2.23606797749979                                 5
211         18.567001547311015        0.0                                 0
212         18.572518545472068        2.23606797749979                                 5
213         18.572518545472068        2.23606797749979                                 5
214         18.18683393282677        0.0                                 0
215         17.776650722189554        0.0                                 0
216         17.776650722189554        2.23606797749979                                 5
217         14.430804746648718        0.0                                 0
218         14.430804746648718        2.23606797749979                                 5
219         12.297061365833944        0.0                                 0
220         12.297061365833944        2.23606797749979                                 5
221         12.297061365833944        2.23606797749979                                 5
222         11.204767452481901        0.0                                 0
223         11.204767452481901        0.0                                 0
224         11.205686006064074        2.23606797749979                                 5
225         11.136243202874748        0.0                                 0
226         11.136243202874748        2.23606797749979                                 5
227         11.136243202874748        2.23606797749979                                 5
228         11.11285061278411        0.0                                 0
229         11.11285061278411        2.23606797749979                                 5
230         11.11285061278411        2.23606797749979                                 5
231         11.11285061278411        2.23606797749979                                 5
232         11.11285061278411        2.23606797749979                                 5
233         11.110807999196238        0.0                                 0
234         11.110807999196238        2.23606797749979                                 5
235         11.110807999196238        0.0                                 0
236         11.114549401460117        2.23606797749979                                 5
237         11.114549401460117        2.23606797749979                                 5
238         8.703162522993013        0.0                                 0
239         8.703162522993013        2.23606797749979                                 5
240         8.703162522993013        2.23606797749979                                 5
241         8.703162522993013        2.23606797749979                                 5
242         8.7015398782536        0.0                                 0
243         8.7015398782536        2.23606797749979                                 5
244         8.600902032475627        0.0                                 0
245         8.466494344801372        0.0                                 0
246         8.176325487640337        0.0                                 0
247         8.063954027372414        0.0                                 0
248         8.063954027372414        2.23606797749979                                 5
249         8.063954027372414        2.23606797749979                                 5
250         8.063954027372414        2.23606797749979                                 5
251         8.063954027372414        2.23606797749979                                 5
252         8.050493209988172        0.0                                 0
253         8.050493209988172        2.23606797749979                                 5
254         7.762740243473736        0.0                                 0
255         7.762740243473736        2.23606797749979                                 5
256         7.762740243473736        2.23606797749979                                 5
257         7.755153059335909        0.0                                 0
258         7.755153059335909        2.23606797749979                                 5
259         7.755153059335909        2.23606797749979                                 5
260         7.755153059335909        2.23606797749979                                 5
261         7.755153059335909        2.23606797749979                                 5
262         7.755153059335909        2.23606797749979                                 5
263         7.755153059335909        2.23606797749979                                 5
264         7.755153059335909        2.23606797749979                                 5
265         7.755153059335909        2.23606797749979                                 5
266         7.755153059335909        2.23606797749979                                 5
267         7.718595768226718        0.0                                 0
268         7.313082875045107        0.0                                 0
269         7.313082875045107        2.23606797749979                                 5
270         6.793760042669136        0.0                                 0
271         6.793528297713409        0.0                                 0
272         6.793528297713409        2.23606797749979                                 5
273         6.793528297713409        2.23606797749979                                 5
274         6.793528297713409        2.23606797749979                                 5
275         6.793528297713409        2.23606797749979                                 5
276         6.793528297713409        2.23606797749979                                 5
277         6.79098000559966        0.0                                 0
278         6.748573742136667        0.0                                 0
279         6.748573742136667        2.23606797749979                                 5
280         6.748071145238603        0.0                                 0
281         6.683328419572238        0.0                                 0
282         6.683328419572238        2.23606797749979                                 5
283         6.683328419572238        2.23606797749979                                 5
284         6.683328419572238        2.23606797749979                                 5
285         6.683328419572238        2.23606797749979                                 5
286         6.683328419572238        2.23606797749979                                 5
287         6.683328419572238        2.23606797749979                                 5
288         6.683328419572238        1.7320508075688772                                 3
289         6.683328419572238        2.23606797749979                                 5
290         6.683328419572238        2.23606797749979                                 5
291         6.683328419572238        2.23606797749979                                 5
292         6.683328419572238        2.23606797749979                                 5
293         6.616991063163002        0.0                                 0
294         6.616991063163002        2.23606797749979                                 5
295         6.614157649783077        0.0                                 0
296         6.614157649783077        1.7320508075688772                                 3
297         6.578426492017258        0.0                                 0
298         6.499865563171497        0.0                                 0
299         6.499865563171497        2.23606797749979                                 5
300         6.499865563171497        2.23606797749979                                 5
301         6.431640938141309        0.0                                 0
302         6.431640938141309        2.23606797749979                                 5
303         6.431640938141309        2.23606797749979                                 5
304         6.431640938141309        2.23606797749979                                 5
305         6.431640938141309        2.23606797749979                                 5
306         6.431640938141309        2.23606797749979                                 5
307         6.431640938141309        2.23606797749979                                 5
308         6.431640938141309        2.23606797749979                                 5
309         6.431640938141309        2.23606797749979                                 5
310         6.431640938141309        2.23606797749979                                 5
311         6.431640938141309        2.23606797749979                                 5
312         6.431640938141309        2.23606797749979                                 5
313         6.431640938141309        2.23606797749979                                 5
314         6.431640938141309        2.23606797749979                                 5
315         6.317366011784131        0.0                                 0
316         6.317366011784131        2.23606797749979                                 5
317         6.317366011784131        2.23606797749979                                 5
318         6.317366011784131        2.23606797749979                                 5
319         6.317366011784131        2.23606797749979                                 5
320         6.317366011784131        2.23606797749979                                 5
321         6.317366011784131        2.23606797749979                                 5
322         6.317366011784131        2.23606797749979                                 5
323         6.317366011784131        2.23606797749979                                 5
324         6.317366011784131        2.23606797749979                                 5
325         6.317366011784131        2.23606797749979                                 5
326         6.317366011784131        2.23606797749979                                 5
327         6.317366011784131        2.23606797749979                                 5
328         6.317366011784131        2.23606797749979                                 5
329         6.317366011784131        2.23606797749979                                 5
330         6.2613417061544885        0.0                                 0
331         6.2613417061544885        2.23606797749979                                 5
332         6.2613417061544885        2.23606797749979                                 5
333         6.1174944105335065        0.0                                 0
334         6.1174944105335065        2.23606797749979                                 5
335         6.110388601958028        0.0                                 0
336         6.110388601958028        2.23606797749979                                 5
337         6.110388601958028        2.23606797749979                                 5
338         6.110388601958028        2.23606797749979                                 5
339         6.110388601958028        2.23606797749979                                 5
340         6.110388601958028        2.23606797749979                                 5
341         6.11036013652107        0.0                                 0
342         6.11036013652107        2.23606797749979                                 5
343         5.3651032018684806        0.0                                 0
344         5.3651032018684806        2.23606797749979                                 5
345         5.3651032018684806        2.23606797749979                                 5
346         5.293247549882691        0.0                                 0
347         5.201996914175863        0.0                                 0
348         5.201996914175863        2.23606797749979                                 5
349         5.201996914175863        2.23606797749979                                 5
350         5.201996914175863        2.23606797749979                                 5
351         5.201996914175863        2.23606797749979                                 5
352         5.201996914175863        2.23606797749979                                 5
353         5.201996914175863        2.23606797749979                                 5
354         5.201996914175863        2.23606797749979                                 5
355         5.201996914175863        2.23606797749979                                 5
356         5.201996914175863        2.23606797749979                                 5
357         5.201996914175863        2.23606797749979                                 5
358         5.201996914175863        2.23606797749979                                 5
359         5.201996914175863        2.23606797749979                                 5
360         5.201996914175863        2.23606797749979                                 5
361         5.201996914175863        2.23606797749979                                 5
362         5.201859389132669        0.0                                 0
363         5.201642433062609        0.0                                 0
364         5.201642433062609        2.23606797749979                                 5
365         5.201642433062609        0.0                                 0
366         5.17567741643528        0.0                                 0
367         5.152584254815129        0.0                                 0
368         5.152584254815129        2.23606797749979                                 5
369         5.152584254815129        2.23606797749979                                 5
370         5.152584254815129        2.23606797749979                                 5
371         5.145863308531316        0.0                                 0
372         5.145863308531316        2.23606797749979                                 5
373         5.145863308531316        2.23606797749979                                 5
374         5.145863308531316        2.23606797749979                                 5
375         5.145863308531316        2.23606797749979                                 5
376         5.145863308531316        2.23606797749979                                 5
377         5.136193096788779        0.0                                 0
378         5.136193096788779        2.23606797749979                                 5
379         5.136193096788779        2.23606797749979                                 5
380         5.130120923675821        0.0                                 0
381         3.767130012695656        0.0                                 0
382         3.767130012695656        2.23606797749979                                 5
383         3.767130012695656        2.23606797749979                                 5
384         3.767130012695656        2.23606797749979                                 5
385         3.767130012695656        2.23606797749979                                 5
386         3.767130012695656        2.23606797749979                                 5
387         3.767130012695656        2.23606797749979                                 5
388         3.7664178658391885        0.0                                 0
389         3.7664178658391885        2.23606797749979                                 5
390         3.7664178658391885        2.23606797749979                                 5
391         3.7664178658391885        2.23606797749979                                 5
392         3.7664178658391885        2.23606797749979                                 5
393         3.7664178658391885        2.23606797749979                                 5
394         3.7664178658391885        2.23606797749979                                 5
395         3.696721641195895        0.0                                 0
396         3.423330976579233        0.0                                 0
397         3.4199857788560526        0.0                                 0
398         3.4199857788560526        2.23606797749979                                 5
399         3.4199857788560526        2.23606797749979                                 5
400         1.9495368231602153        0.0                                 0
401         1.9495368231602153        2.23606797749979                                 5
402         1.9495368231602153        2.23606797749979                                 5
403         1.9495368231602153        2.23606797749979                                 5
404         1.9495368231602153        2.23606797749979                                 5
405         1.9194124343687569        0.0                                 0
406         1.9194124343687569        2.23606797749979                                 5
407         1.9194124343687569        2.23606797749979                                 5
408         1.9194124343687569        2.23606797749979                                 5
409         1.9194124343687569        2.23606797749979                                 5
410         1.9194124343687569        2.23606797749979                                 5
411         1.904086038134521        0.0                                 0
412         1.8842763892215608        0.0                                 0
413         1.8842763892215608        2.23606797749979                                 5
414         1.8842763892215608        2.23606797749979                                 5
415         1.8842763892215608        2.23606797749979                                 5
416         1.8842763892215608        2.23606797749979                                 5
417         1.8842763892215608        2.23606797749979                                 5
418         1.8842763892215608        2.23606797749979                                 5
419         1.8842763892215608        2.23606797749979                                 5
420         1.8842763892215608        2.23606797749979                                 5
421         1.8842763892215608        2.23606797749979                                 5
422         1.8842763892215608        1.7320508075688772                                 3
423         1.8842763892215608        2.23606797749979                                 5
424         1.8842763892215608        2.23606797749979                                 5
425         1.8842763892215608        2.23606797749979                                 5
426         1.8604652945805467        0.0                                 0
427         1.8526481233771517        0.0                                 0
428         1.850596082752148        0.0                                 0
429         1.850596082752148        2.23606797749979                                 5
430         1.850596082752148        2.23606797749979                                 5
431         1.850596082752148        2.23606797749979                                 5
432         1.850596082752148        2.23606797749979                                 5
433         1.850596082752148        2.23606797749979                                 5
434         1.8500231546889374        0.0                                 0
435         1.8500231546889374        2.23606797749979                                 5
436         1.8500231546889374        2.23606797749979                                 5
437         1.8500231546889374        2.23606797749979                                 5
438         1.8500231546889374        2.23606797749979                                 5
439         1.8474735444666242        0.0                                 0
440         1.8474360557738139        0.0                                 0
441         1.8474055990063525        0.0                                 0
442         1.8474055990063525        2.23606797749979                                 5
443         1.8474055990063525        2.23606797749979                                 5
444         1.8474055990063525        2.23606797749979                                 5
445         1.8474055990063525        2.23606797749979                                 5
446         1.8474055990063525        2.23606797749979                                 5
447         1.8474055990063525        2.23606797749979                                 5
448         1.8474055990063525        2.23606797749979                                 5
449         1.8474055990063525        2.23606797749979                                 5
450         1.8474055990063525        2.23606797749979                                 5
451         1.8474055990063525        2.23606797749979                                 5
452         1.8474055990063525        2.23606797749979                                 5
453         1.8474055990063525        2.23606797749979                                 5
454         1.8474055990063525        2.23606797749979                                 5
455         1.8474055990063525        2.23606797749979                                 5
456         1.828721137988335        0.0                                 0
457         1.828721137988335        2.23606797749979                                 5
458         1.8208780655121746        0.0                                 0
459         1.8208780655121746        2.23606797749979                                 5
460         1.8208780655121746        2.23606797749979                                 5
461         1.8208780655121746        2.23606797749979                                 5
462         1.8208780655121746        2.23606797749979                                 5
463         1.8208780655121746        2.23606797749979                                 5
464         1.8208780655121746        2.23606797749979                                 5
465         1.8208780655121746        2.23606797749979                                 5
466         1.8208780655121746        2.23606797749979                                 5
467         1.8208780655121746        2.23606797749979                                 5
468         1.691580792179506        0.0                                 0
469         1.691580792179506        2.23606797749979                                 5
470         1.691580792179506        2.23606797749979                                 5
471         1.691580792179506        2.23606797749979                                 5
472         1.691580792179506        2.23606797749979                                 5
473         1.691580792179506        2.23606797749979                                 5
474         1.691580792179506        2.23606797749979                                 5
475         1.6890622336463406        0.0                                 0
476         1.6885903847763253        0.0                                 0
477         1.6840900370651448        0.0                                 0
478         1.6840900370651448        2.23606797749979                                 5
479         1.683700129681181        0.0                                 0
480         1.683700129681181        2.23606797749979                                 5
481         1.683700129681181        2.23606797749979                                 5
482         1.683700129681181        2.23606797749979                                 5
483         1.683700129681181        2.23606797749979                                 5
484         1.683700129681181        2.23606797749979                                 5
485         1.683700129681181        2.23606797749979                                 5
486         1.6829154065626395        0.0                                 0
487         1.6829154065626395        2.23606797749979                                 5
488         1.6829154065626395        2.23606797749979                                 5
489         1.6829154065626395        2.23606797749979                                 5
490         1.6829154065626395        2.23606797749979                                 5
491         1.6829154065626395        2.23606797749979                                 5
492         1.6219190410714313        0.0                                 0
493         1.621899759823445        0.0                                 0
494         1.621899759823445        2.23606797749979                                 5
495         1.621899759823445        2.23606797749979                                 5
496         1.6218161565276634        0.0                                 0
497         1.6218161565276634        2.23606797749979                                 5
498         1.6218161565276634        2.23606797749979                                 5
499         1.553730643267712        0.0                                 0
500         1.5532992456533585        0.0                                 0
501         1.5532992456533585        2.23606797749979                                 5
502         1.5532992456533585        2.23606797749979                                 5
503         1.5531162478397287        0.0                                 0
504         1.5531162478397287        2.23606797749979                                 5
505         1.5531162478397287        2.23606797749979                                 5
506         1.5531162478397287        2.23606797749979                                 5
507         1.5531162478397287        2.23606797749979                                 5
508         1.418534689055492        0.0                                 0
509         1.418534689055492        2.23606797749979                                 5
510         1.418534689055492        2.23606797749979                                 5
511         1.4167745576426662        0.0                                 0
512         1.4167745576426662        2.23606797749979                                 5
513         1.2863250396496384        0.0                                 0
514         1.2863250396496384        2.23606797749979                                 5
515         1.2863250396496384        2.23606797749979                                 5
516         1.2863250396496384        2.23606797749979                                 5
517         1.2863250396496384        2.23606797749979                                 5
518         1.2863250396496384        2.23606797749979                                 5
519         1.2863250396496384        2.23606797749979                                 5
520         1.2863250396496384        2.23606797749979                                 5
521         1.2863250396496384        2.23606797749979                                 5
522         1.2863250396496384        2.23606797749979                                 5
523         1.2863250396496384        2.23606797749979                                 5
524         1.2863250396496384        2.23606797749979                                 5
525         1.2863250396496384        2.23606797749979                                 5
526         1.2863250396496384        2.23606797749979                                 5
527         1.2863250396496384        2.23606797749979                                 5
528         1.2863250396496384        2.23606797749979                                 5
529         1.2863250396496384        2.23606797749979                                 5
530         1.2863250396496384        2.23606797749979                                 5
531         1.2863250396496384        2.23606797749979                                 5
532         1.2863250396496384        2.23606797749979                                 5
533         1.2778278540492738        0.0                                 0
534         1.2765130047026743        0.0                                 0
535         1.2765130047026743        2.23606797749979                                 5
536         1.2765130047026743        2.23606797749979                                 5
537         1.2765130047026743        2.23606797749979                                 5
538         1.2764523509232004        0.0                                 0
539         1.2764523509232004        2.23606797749979                                 5
540         1.27232168774973        0.0                                 0
541         1.27232168774973        2.23606797749979                                 5
542         1.2721326844596854        0.0                                 0
543         1.2721326844596854        2.23606797749979                                 5
544         1.2006894182563688        0.0                                 0
545         1.2006894182563688        2.23606797749979                                 5
546         1.2006894182563688        1.7320508075688772                                 3
547         1.2006894182563688        2.23606797749979                                 5
548         1.2006894182563688        2.23606797749979                                 5
549         1.2006894182563688        2.23606797749979                                 5
550         1.2006894182563688        2.23606797749979                                 5
551         1.2006894182563688        2.23606797749979                                 5
552         1.2006894182563688        2.23606797749979                                 5
553         1.2003904257323668        0.0                                 0
554         1.2003904257323668        2.23606797749979                                 5
555         1.2003904257323668        2.23606797749979                                 5
556         1.2003904257323668        2.23606797749979                                 5
557         1.2003904257323668        2.23606797749979                                 5
558         1.2003904257323668        2.23606797749979                                 5
559         1.200298057384582        0.0                                 0
560         1.200298057384582        2.23606797749979                                 5
561         1.1992691956255592        0.0                                 0
562         1.1992691956255592        2.23606797749979                                 5
563         1.1992691956255592        2.23606797749979                                 5
564         1.1992691956255592        2.23606797749979                                 5
565         1.1992691956255592        2.23606797749979                                 5
566         1.1992691956255592        2.23606797749979                                 5
567         1.1992691956255592        2.23606797749979                                 5
568         1.1992691956255592        2.23606797749979                                 5
569         1.1992691956255592        2.23606797749979                                 5
570         1.1983938168825008        0.0                                 0
571         1.1983938168825008        2.23606797749979                                 5
572         1.1983938168825008        2.23606797749979                                 5
573         1.1983938168825008        2.23606797749979                                 5
574         1.1983938168825008        2.23606797749979                                 5
575         1.1983938168825008        2.23606797749979                                 5
576         1.1983938168825008        2.23606797749979                                 5
577         1.1983938168825008        2.23606797749979                                 5
578         1.1983938168825008        2.23606797749979                                 5
579         1.190717256260945        0.0                                 0
580         1.190717256260945        2.23606797749979                                 5
581         1.1906858074546163        0.0                                 0
582         1.1906858074546163        2.23606797749979                                 5
583         1.1906858074546163        2.23606797749979                                 5
584         1.1906858074546163        2.23606797749979                                 5
585         1.1906858074546163        2.23606797749979                                 5
586         1.1906858074546163        2.23606797749979                                 5
587         1.1906858074546163        2.23606797749979                                 5
588         1.1906858074546163        2.23606797749979                                 5
589         1.1906858074546163        2.23606797749979                                 5
590         1.1906858074546163        2.23606797749979                                 5
591         1.1906858074546163        2.23606797749979                                 5
592         1.1906858074546163        2.23606797749979                                 5
593         1.1906858074546163        2.23606797749979                                 5
594         1.1906858074546163        2.23606797749979                                 5
595         1.1906836699955285        0.0                                 0
596         1.1904113223393293        0.0                                 0
597         1.189545266452327        0.0                                 0
598         1.189545266452327        2.23606797749979                                 5
599         1.189545266452327        2.23606797749979                                 5
600         1.189545266452327        2.23606797749979                                 5
601         1.189545266452327        2.23606797749979                                 5
602         1.189545266452327        2.23606797749979                                 5
603         1.189545266452327        2.23606797749979                                 5
604         1.189545266452327        2.23606797749979                                 5
605         1.189545266452327        2.23606797749979                                 5
606         1.189545266452327        2.23606797749979                                 5
607         1.189545266452327        2.23606797749979                                 5
608         1.189545266452327        2.23606797749979                                 5
609         1.1890453370689347        0.0                                 0
610         1.1890453370689347        2.23606797749979                                 5
611         1.1890453370689347        1.7320508075688772                                 3
612         1.1890453370689347        2.23606797749979                                 5
613         1.1890453370689347        2.23606797749979                                 5
614         1.1890106730526921        0.0                                 0
615         1.1890106730526921        2.23606797749979                                 5
616         1.1862201546647775        0.0                                 0
617         1.1862201546647775        2.23606797749979                                 5
618         1.1862201546647775        2.23606797749979                                 5
619         1.1862201546647775        2.23606797749979                                 5
620         1.1862201546647775        2.23606797749979                                 5
621         0.16010374586741152        0.0                                 0
622         0.16010374586741152        2.23606797749979                                 5
623         0.16010374586741152        2.23606797749979                                 5
624         0.1414601441439092        0.0                                 0
625         0.1414601441439092        2.23606797749979                                 5
626         0.1414601441439092        2.23606797749979                                 5
627         0.1414601441439092        2.23606797749979                                 5
628         0.1414601441439092        2.23606797749979                                 5
629         0.1414601441439092        2.23606797749979                                 5
630         0.1414601441439092        2.23606797749979                                 5
631         0.1414601441439092        2.23606797749979                                 5
632         0.1414601441439092        2.23606797749979                                 5
633         0.1414601441439092        2.23606797749979                                 5
634         0.1414601441439092        2.23606797749979                                 5
635         0.1414601441439092        2.23606797749979                                 5
636         0.1414601441439092        2.23606797749979                                 5
637         0.1414601441439092        2.23606797749979                                 5
638         0.1414601441439092        2.23606797749979                                 5
639         0.1414601441439092        2.23606797749979                                 5
640         0.1414601441439092        2.23606797749979                                 5
641         0.1414601441439092        2.23606797749979                                 5
642         0.1414601441439092        2.23606797749979                                 5
643         0.1414601441439092        2.23606797749979                                 5
644         0.1414601441439092        2.23606797749979                                 5
645         0.1414601441439092        2.23606797749979                                 5
646         0.1414601441439092        2.23606797749979                                 5
647         0.1414601441439092        2.23606797749979                                 5
648         0.1414601441439092        2.23606797749979                                 5
649         0.1414601441439092        2.23606797749979                                 5
650         0.1414601441439092        2.23606797749979                                 5
651         0.1414601441439092        2.23606797749979                                 5
652         0.08674252225824433        0.0                                 0
653         0.08674252225824433        2.23606797749979                                 5
654         0.08559062246934533        0.0                                 0
655         0.08559062246934533        2.23606797749979                                 5
656         0.08546795399644665        0.0                                 0
657         0.08546795399644665        2.23606797749979                                 5
658         0.08546795399644665        2.23606797749979                                 5
659         0.08546795399644665        2.23606797749979                                 5
660         0.08546795399644665        1.7320508075688772                                 3
661         0.08546795399644665        2.23606797749979                                 5
662         0.08546795399644665        1.7320508075688772                                 3
663         0.08546795399644665        2.23606797749979                                 5
664         0.08546795399644665        2.23606797749979                                 5
665         0.08546795399644665        2.23606797749979                                 5
666         0.08546795399644665        2.23606797749979                                 5
667         0.08546795399644665        2.23606797749979                                 5
668         0.08546795399644665        2.23606797749979                                 5
669         0.08546795399644665        2.23606797749979                                 5
670         0.08546795399644665        2.23606797749979                                 5
671         0.08546795399644665        2.23606797749979                                 5
672         0.0853997634354217        0.0                                 0
673         0.0853997634354217        2.23606797749979                                 5
674         0.0853997634354217        2.23606797749979                                 5
675         0.0853997634354217        2.23606797749979                                 5
676         0.0853997634354217        2.23606797749979                                 5
677         0.0853997634354217        2.23606797749979                                 5
678         0.0853997634354217        2.23606797749979                                 5
679         0.0853997634354217        2.23606797749979                                 5
680         0.0853997634354217        2.23606797749979                                 5
681         0.0853997634354217        2.23606797749979                                 5
682         0.08381326410384043        0.0                                 0
683         0.08381326410384043        2.23606797749979                                 5
684         0.08381326410384043        2.23606797749979                                 5
685         0.08381326410384043        2.23606797749979                                 5
686         0.08381326410384043        2.23606797749979                                 5
687         0.08381326410384043        2.23606797749979                                 5
688         0.08381326410384043        2.23606797749979                                 5
689         0.08381326410384043        2.23606797749979                                 5
690         0.08381326410384043        2.23606797749979                                 5
691         0.08381326410384043        2.23606797749979                                 5
692         0.08381326410384043        2.23606797749979                                 5
693         0.08329488218487495        0.0                                 0
694         0.08329488218487495        2.23606797749979                                 5
695         0.08329488218487495        2.23606797749979                                 5
696         0.08329488218487495        2.23606797749979                                 5
697         0.08322732663244409        0.0                                 0
698         0.08322732663244409        2.23606797749979                                 5
699         0.08322732663244409        2.23606797749979                                 5
700         0.08322732663244409        2.23606797749979                                 5
701         0.08322732663244409        1.7320508075688772                                 3
702         0.08322732663244409        2.23606797749979                                 5
703         0.08322732663244409        2.23606797749979                                 5
704         0.08322732663244409        2.23606797749979                                 5
705         0.08322732663244409        2.23606797749979                                 5
706         0.08322732663244409        2.23606797749979                                 5
707         0.08322732663244409        2.23606797749979                                 5
708         0.08322732663244409        1.7320508075688772                                 3
709         0.08322732663244409        2.23606797749979                                 5
710         0.06701616898114392        0.0                                 0
711         0.06701616898114392        2.23606797749979                                 5
712         0.06701616898114392        2.23606797749979                                 5
713         0.06701616898114392        2.23606797749979                                 5
714         0.06701616898114392        2.23606797749979                                 5
715         0.06701616898114392        2.23606797749979                                 5
716         0.06701616898114392        2.23606797749979                                 5
717         0.06701616898114392        2.23606797749979                                 5
718         0.06540894463352806        0.0                                 0
719         0.06540894463352806        2.23606797749979                                 5
720         0.06540894463352806        2.23606797749979                                 5
721         0.06540894463352806        2.23606797749979                                 5
722         0.06540894463352806        1.7320508075688772                                 3
723         0.06540894463352806        1.7320508075688772                                 3
724         0.06520892714093308        0.0                                 0
725         0.06520892714093308        2.23606797749979                                 5
726         0.06520892714093308        2.23606797749979                                 5
727         0.06520892714093308        2.23606797749979                                 5
728         0.06520892714093308        2.23606797749979                                 5
729         0.06520892714093308        2.23606797749979                                 5
730         0.06520892714093308        2.23606797749979                                 5
731         0.06520892714093308        2.23606797749979                                 5
732         0.06520892714093308        1.7320508075688772                                 3
733         0.06520892714093308        2.23606797749979                                 5
734         0.06520892714093308        2.23606797749979                                 5
735         0.06520892714093308        2.23606797749979                                 5
736         0.06520892714093308        2.23606797749979                                 5
737         0.06520892714093308        2.23606797749979                                 5
738         0.06520892714093308        2.23606797749979                                 5
739         0.06520892714093308        2.23606797749979                                 5
740         0.06520892714093308        2.23606797749979                                 5
741         0.06520892714093308        2.23606797749979                                 5
742         0.06520892714093308        2.23606797749979                                 5
743         0.06520892714093308        2.23606797749979                                 5
744         0.061527800266306706        0.0                                 0
745         0.059013550429965686        0.0                                 0
746         0.059013550429965686        2.23606797749979                                 5
747         0.059013550429965686        2.23606797749979                                 5
748         0.059013550429965686        2.23606797749979                                 5
749         0.059013550429965686        2.23606797749979                                 5
750         0.059013550429965686        2.23606797749979                                 5
751         0.059013550429965686        2.23606797749979                                 5
752         0.059013550429965686        2.23606797749979                                 5
753         0.059013550429965686        2.23606797749979                                 5
754         0.059013550429965686        2.23606797749979                                 5
755         0.059013550429965686        2.23606797749979                                 5
756         0.059013550429965686        2.23606797749979                                 5
757         0.059013550429965686        2.23606797749979                                 5
758         0.059013550429965686        2.23606797749979                                 5
759         0.04167097258786115        0.0                                 0
760         0.04167097258786115        2.23606797749979                                 5
761         0.04167097258786115        2.23606797749979                                 5
762         0.04167097258786115        2.23606797749979                                 5
763         0.04167097258786115        2.23606797749979                                 5
764         0.04167097258786115        2.23606797749979                                 5
765         0.04167097258786115        2.23606797749979                                 5
766         0.04167097258786115        2.23606797749979                                 5
767         0.04167097258786115        2.23606797749979                                 5
768         0.04159810121826258        0.0                                 0
769         0.04159810121826258        2.23606797749979                                 5
770         0.04159810121826258        2.23606797749979                                 5
771         0.04159810121826258        2.23606797749979                                 5
772         0.04159810121826258        2.23606797749979                                 5
773         0.04159810121826258        2.23606797749979                                 5
774         0.04159810121826258        2.23606797749979                                 5
775         0.04004159200014664        0.0                                 0
776         0.04004159200014664        2.23606797749979                                 5
777         0.024161252827028332        0.0                                 0
778         0.024161252827028332        2.23606797749979                                 5
779         0.024161252827028332        1.7320508075688772                                 3
780         0.024161252827028332        2.23606797749979                                 5
781         0.024161252827028332        2.23606797749979                                 5
782         0.024161252827028332        2.23606797749979                                 5
783         0.024161252827028332        2.23606797749979                                 5
784         0.024161252827028332        2.23606797749979                                 5
785         0.024161252827028332        2.23606797749979                                 5
786         0.024161252827028332        2.23606797749979                                 5
787         0.024161252827028332        2.23606797749979                                 5
788         0.024161252827028332        2.23606797749979                                 5
789         0.024161252827028332        2.23606797749979                                 5
790         0.024161252827028332        2.23606797749979                                 5
791         0.024140616015196223        0.0                                 0
792         0.024140616015196223        2.23606797749979                                 5
793         0.024140616015196223        2.23606797749979                                 5
794         0.024140616015196223        2.23606797749979                                 5
795         0.024140616015196223        2.23606797749979                                 5
796         0.024140616015196223        2.23606797749979                                 5
797         0.024140616015196223        2.23606797749979                                 5
798         0.024140616015196223        2.23606797749979                                 5
799         0.024140616015196223        2.23606797749979                                 5
800         0.024140616015196223        2.23606797749979                                 5
801         0.024140616015196223        2.23606797749979                                 5
802         0.020957765820552428        0.0                                 0
803         0.020957765820552428        2.23606797749979                                 5
804         0.020957765820552428        2.23606797749979                                 5
805         0.020957765820552428        2.23606797749979                                 5
806         0.020957765820552428        2.23606797749979                                 5
807         0.020957765820552428        2.23606797749979                                 5
808         0.020957765820552428        2.23606797749979                                 5
809         0.020957765820552428        2.23606797749979                                 5
810         0.020949288708115427        0.0                                 0
811         0.020949288708115427        2.23606797749979                                 5
812         0.020949288708115427        2.23606797749979                                 5
813         0.020949288708115427        2.23606797749979                                 5
814         0.020008246402387377        0.0                                 0
815         0.020008246402387377        2.23606797749979                                 5
816         0.020008246402387377        2.23606797749979                                 5
817         0.020008246402387377        2.23606797749979                                 5
818         0.020008246402387377        2.23606797749979                                 5
819         0.020008246402387377        2.23606797749979                                 5
820         0.020008246402387377        2.23606797749979                                 5
821         0.020008246402387377        2.23606797749979                                 5
822         0.020008246402387377        2.23606797749979                                 5
823         0.020008246402387377        2.23606797749979                                 5
824         0.020008246402387377        2.23606797749979                                 5
825         0.020008246402387377        2.23606797749979                                 5
826         0.020008246402387377        2.23606797749979                                 5
827         0.020007843962613372        0.0                                 0
828         0.020007843962613372        2.23606797749979                                 5
829         0.020007843962613372        2.23606797749979                                 5
830         0.01994852311556318        0.0                                 0
831         0.01994354685476632        0.0                                 0
832         0.01994354685476632        2.23606797749979                                 5
833         0.01994354685476632        2.23606797749979                                 5
834         0.01994354685476632        2.23606797749979                                 5
835         0.01994354685476632        2.23606797749979                                 5
836         0.01994354685476632        2.23606797749979                                 5
837         0.01994354685476632        2.23606797749979                                 5
838         0.01994354685476632        2.23606797749979                                 5
839         0.01994354685476632        2.23606797749979                                 5
840         0.01994354685476632        2.23606797749979                                 5
841         0.01994354685476632        2.23606797749979                                 5
842         0.01991111214820732        0.0                                 0
843         0.01991111214820732        2.23606797749979                                 5
844         0.01991111214820732        2.23606797749979                                 5
845         0.01991111214820732        2.23606797749979                                 5
846         0.01991111214820732        2.23606797749979                                 5
847         0.01991111214820732        2.23606797749979                                 5
848         0.019822317823447632        0.0                                 0
849         0.019822317823447632        2.23606797749979                                 5
850         0.019822317823447632        2.23606797749979                                 5
851         0.019822317823447632        2.23606797749979                                 5
852         0.019822317823447632        2.23606797749979                                 5
853         0.019822317823447632        2.23606797749979                                 5
854         0.019822317823447632        2.23606797749979                                 5
855         0.019822317823447632        2.23606797749979                                 5
856         0.019822317823447632        2.23606797749979                                 5
857         0.019822317823447632        1.7320508075688772                                 3
858         0.019822317823447632        2.23606797749979                                 5
859         0.019822317823447632        2.23606797749979                                 5
860         0.019822317823447632        2.23606797749979                                 5
861         0.019822317823447632        2.23606797749979                                 5
862         0.019822317823447632        2.23606797749979                                 5
863         0.019822317823447632        2.23606797749979                                 5
864         0.019822317823447632        2.23606797749979                                 5
865         0.019822317823447632        2.23606797749979                                 5
866         0.019822317823447632        2.23606797749979                                 5
867         0.019822317823447632        2.23606797749979                                 5
868         0.019822317823447632        2.23606797749979                                 5
869         0.019822317823447632        2.23606797749979                                 5
870         0.019822317823447632        2.23606797749979                                 5
871         0.019822317823447632        2.23606797749979                                 5
872         0.019822317823447632        2.23606797749979                                 5
873         0.019822317823447632        2.23606797749979                                 5
874         0.019822317823447632        2.23606797749979                                 5
875         0.019822317823447632        2.23606797749979                                 5
876         0.019822317823447632        2.23606797749979                                 5
877         0.019822317823447632        2.23606797749979                                 5
878         0.019822317823447632        2.23606797749979                                 5
879         0.019822317823447632        2.23606797749979                                 5
880         0.019822317823447632        2.23606797749979                                 5
881         0.019822317823447632        2.23606797749979                                 5
882         0.019822317823447632        2.23606797749979                                 5
883         0.019822317823447632        2.23606797749979                                 5
884         0.019822317823447632        2.23606797749979                                 5
885         0.019329602945870338        0.0                                 0
886         0.019329602945870338        2.23606797749979                                 5
887         0.019329602945870338        2.23606797749979                                 5
888         0.019329602945870338        2.23606797749979                                 5
889         0.019329602945870338        2.23606797749979                                 5
890         0.019329602945870338        2.23606797749979                                 5
891         0.019329602945870338        2.23606797749979                                 5
892         0.019329602945870338        2.23606797749979                                 5
893         0.019329602945870338        2.23606797749979                                 5
894         0.019329602945870338        2.23606797749979                                 5
895         0.019329602945870338        2.23606797749979                                 5
896         0.019329602945870338        2.23606797749979                                 5
897         0.019329602945870338        2.23606797749979                                 5
898         0.019329602945870338        2.23606797749979                                 5
899         0.019329602945870338        2.23606797749979                                 5
900         0.019329602945870338        2.23606797749979                                 5
901         0.019329602945870338        2.23606797749979                                 5
902         0.019329602945870338        2.23606797749979                                 5
903         0.019329602945870338        2.23606797749979                                 5
904         0.019329602945870338        2.23606797749979                                 5
905         0.019329602945870338        2.23606797749979                                 5
906         0.019329602945870338        2.23606797749979                                 5
907         0.019329602945870338        2.23606797749979                                 5
908         0.019329602945870338        2.23606797749979                                 5
909         0.019329602945870338        2.23606797749979                                 5
910         0.019329602945870338        2.23606797749979                                 5
911         0.019329602945870338        2.23606797749979                                 5
912         0.019329602945870338        2.23606797749979                                 5
913         0.019329602945870338        2.23606797749979                                 5
914         0.019329602945870338        2.23606797749979                                 5
915         0.019329602945870338        2.23606797749979                                 5
916         0.019329602945870338        2.23606797749979                                 5
917         0.019329602945870338        2.23606797749979                                 5
918         0.019329602945870338        2.23606797749979                                 5
919         0.019329602945870338        2.23606797749979                                 5
920         0.019329602945870338        2.23606797749979                                 5
921         0.01932687019197593        0.0                                 0
922         0.01932687019197593        2.23606797749979                                 5
923         0.01932687019197593        2.23606797749979                                 5
924         0.01932687019197593        2.23606797749979                                 5
925         0.01932687019197593        2.23606797749979                                 5
926         0.01932687019197593        2.23606797749979                                 5
927         0.01932687019197593        2.23606797749979                                 5
928         0.01932687019197593        2.23606797749979                                 5
929         0.01932687019197593        2.23606797749979                                 5
930         0.01932687019197593        2.23606797749979                                 5
931         0.01932687019197593        2.23606797749979                                 5
932         0.019325874129956618        0.0                                 0
933         0.019325874129956618        2.23606797749979                                 5
934         0.019325874129956618        2.23606797749979                                 5
935         0.019325874129956618        2.23606797749979                                 5
936         0.019325874129956618        2.23606797749979                                 5
937         0.019325874129956618        2.23606797749979                                 5
938         0.019325874129956618        2.23606797749979                                 5
939         0.019325874129956618        2.23606797749979                                 5
940         0.019325874129956618        1.7320508075688772                                 3
941         0.019325874129956618        2.23606797749979                                 5
942         0.019325874129956618        2.23606797749979                                 5
943         0.019325874129956618        2.23606797749979                                 5
944         0.019325874129956618        2.23606797749979                                 5
945         0.019325874129956618        2.23606797749979                                 5
946         0.019325874129956618        2.23606797749979                                 5
947         0.019325874129956618        2.23606797749979                                 5
948         0.019325874129956618        2.23606797749979                                 5
949         0.019325874129956618        2.23606797749979                                 5
950         0.019325874129956618        2.23606797749979                                 5
951         0.019325874129956618        2.23606797749979                                 5
952         0.019325874129956618        2.23606797749979                                 5
953         0.019325874129956618        2.23606797749979                                 5
954         0.019325874129956618        2.23606797749979                                 5
955         0.019325874129956618        2.23606797749979                                 5
956         0.019325874129956618        2.23606797749979                                 5
957         0.019325874129956618        2.23606797749979                                 5
958         0.019306911190943216        0.0                                 0
959         0.019306911190943216        2.23606797749979                                 5
960         0.019306911190943216        2.23606797749979                                 5
961         0.019306911190943216        2.23606797749979                                 5
962         0.019306911190943216        2.23606797749979                                 5
963         0.019306911190943216        2.23606797749979                                 5
964         0.019306911190943216        2.23606797749979                                 5
965         0.019306911190943216        2.23606797749979                                 5
966         0.019306911190943216        2.23606797749979                                 5
967         0.019306911190943216        2.23606797749979                                 5
968         0.019306911190943216        2.23606797749979                                 5
969         0.019306911190943216        2.23606797749979                                 5
970         0.01925115612507301        0.0                                 0
971         0.01925115612507301        2.23606797749979                                 5
972         0.019232226327380225        0.0                                 0
973         0.019232226327380225        2.23606797749979                                 5
974         0.019232226327380225        2.23606797749979                                 5
975         0.019232226327380225        2.23606797749979                                 5
976         0.019232226327380225        2.23606797749979                                 5
977         0.019232226327380225        2.23606797749979                                 5
978         0.019232226327380225        2.23606797749979                                 5
979         0.019232226327380225        2.23606797749979                                 5
980         0.019232226327380225        2.23606797749979                                 5
981         0.019232226327380225        2.23606797749979                                 5
982         0.019232226327380225        2.23606797749979                                 5
983         0.019232226327380225        2.23606797749979                                 5
984         0.019232226327380225        2.23606797749979                                 5
985         0.019167161653614723        0.0                                 0
986         0.019167161653614723        2.23606797749979                                 5
987         0.019167161653614723        2.23606797749979                                 5
988         0.019167161653614723        2.23606797749979                                 5
989         0.019167161653614723        2.23606797749979                                 5
990         0.019167161653614723        2.23606797749979                                 5
991         0.019167161653614723        2.23606797749979                                 5
992         0.019167161653614723        2.23606797749979                                 5
993         0.019167161653614723        2.23606797749979                                 5
994         0.019167161653614723        2.23606797749979                                 5
995         0.019167161653614723        2.23606797749979                                 5
996         0.019167161653614723        2.23606797749979                                 5
997         0.019167161653614723        2.23606797749979                                 5
998         0.019167161653614723        2.23606797749979                                 5
999         0.019167161653614723        2.23606797749979                                 5
// Funcion: sphere Enfriamiento: exponencial Semilla: 1150923365