iteracion  mejor_solucion    distancia_euclidiana                 distancia_hamming
0         25.533485670637937        0.0                                 0
1         25.435159831472433        0.0                                 0
2         25.435159831472433        0.0                                 0
3         24.06855487965162        0.0                                 0
4         20.149469369509898        0.0                                 0
5         20.149469369509898        0.0                                 0
6         21.16907810482716        0.0                                 0
7         21.190684800665327        0.0                                 0
8         21.224042418977362        0.0                                 0
9         21.142311507531208        0.0                                 0
10         21.142311507531208        0.0                                 0
11         22.18680891579178        0.0                                 0
12         22.18680891579178        0.0                                 0
13         22.35608447238171        0.0                                 0
14         22.35608447238171        0.0                                 0
15         22.70627009743682        0.0                                 0
16         22.703032068348524        0.0                                 0
17         22.70265028965464        0.0                                 0
18         21.82593076134069        0.0                                 0
19         21.82593076134069        0.0                                 0
20         20.694530462406366        0.0                                 0
21         19.63703285005813        0.0                                 0
22         17.82765246675798        0.0                                 0
23         17.82765246675798        0.0                                 0
24         18.592699304454722        0.0                                 0
25         18.592699304454722        0.0                                 0
26         19.397800310060763        0.0                                 0
27         20.743106259429982        0.0                                 0
28         20.488386616811983        0.0                                 0
29         20.488386616811983        0.0                                 0
30         20.76165259554274        0.0                                 0
31         20.76165259554274        0.0                                 0
32         20.88741199985102        0.0                                 0
33         21.50502133452144        0.0                                 0
34         22.97237658923035        0.0                                 0
35         22.97237658923035        0.0                                 0
36         24.743736787105014        0.0                                 0
37         24.743736787105014        0.0                                 0
38         24.861335220755944        0.0                                 0
39         24.872301180645977        0.0                                 0
40         24.872301180645977        0.0                                 0
41         25.218253762046974        0.0                                 0
42         25.21527391748664        0.0                                 0
43         25.21527391748664        0.0                                 0
44         27.367570247344435        0.0                                 0
45         28.10653689248216        0.0                                 0
46         29.62455299262346        0.0                                 0
47         29.6458374704789        0.0                                 0
48         30.292455216972368        0.0                                 0
49         29.4536900804291        0.0                                 0
50         29.4536900804291        0.0                                 0
51         29.453708475080994        0.0                                 0
52         29.595142655900695        0.0                                 0
53         29.726601195134602        0.0                                 0
54         29.246612905268524        0.0                                 0
55         29.246612905268524        0.0                                 0
56         29.279091364695372        0.0                                 0
57         29.7628173750801        0.0                                 0
58         29.604568398886936        0.0                                 0
59         29.602764669176103        0.0                                 0
60         29.602764669176103        0.0                                 0
61         30.303710751105882        0.0                                 0
62         31.1950468160378        0.0                                 0
63         31.643216103420855        0.0                                 0
64         33.4517883286686        0.0                                 0
65         32.82106983239875        0.0                                 0
66         32.56960226221358        0.0                                 0
67         32.56960226221358        0.0                                 0
68         32.292899322660176        0.0                                 0
69         31.84216765747206        0.0                                 0
70         31.84216765747206        0.0                                 0
71         31.842301717386086        0.0                                 0
72         31.804636908155985        0.0                                 0
73         31.761101130650736        0.0                                 0
74         31.75651950243251        0.0                                 0
75         31.75651950243251        0.0                                 0
76         32.21826164315889        0.0                                 0
77         32.21826164315889        0.0                                 0
78         31.137248948626194        0.0                                 0
79         31.137248948626194        0.0                                 0
80         31.152702858800538        0.0                                 0
81         31.428279517289717        0.0                                 0
82         31.31805546926735        0.0                                 0
83         31.31805546926735        0.0                                 0
84         29.87643996299046        0.0                                 0
85         29.87643996299046        0.0                                 0
86         29.88090934804753        2.23606797749979                                 5
87         29.88090934804753        0.0                                 0
88         30.878896228149927        0.0                                 0
89         31.90831299470061        0.0                                 0
90         31.909313969840614        0.0                                 0
91         30.21188898634178        0.0                                 0
92         28.28139598925397        0.0                                 0
93         28.28139598925397        0.0                                 0
94         28.312129241417406        2.23606797749979                                 5
95         28.312129241417406        0.0                                 0
96         28.318294200522644        0.0                                 0
97         28.428877051585978        0.0                                 0
98         29.958032737084924        0.0                                 0
99         30.02250826481912        0.0                                 0
100         30.273541471190914        0.0                                 0
101         31.17276690843134        0.0                                 0
102         31.174811648249896        2.23606797749979                                 5
103         31.174811648249896        2.23606797749979                                 5
104         31.150183943303496        0.0                                 0
105         27.611865838616673        0.0                                 0
106         27.611865838616673        0.0                                 0
107         27.59141482848688        0.0                                 0
108         27.59141482848688        2.23606797749979                                 5
109         27.260299985436134        0.0                                 0
110         27.245355089859707        0.0                                 0
111         27.184824785118927        0.0                                 0
112         26.71566305465842        0.0                                 0
113         26.71566305465842        0.0                                 0
114         27.21985137278965        0.0                                 0
115         27.21985137278965        2.23606797749979                                 5
116         26.47112066640352        0.0                                 0
117         24.948202318378463        0.0                                 0
118         24.873528555590134        0.0                                 0
119         24.873528555590134        1.7320508075688772                                 3
120         24.867365684098207        0.0                                 0
121         24.67049200205417        0.0                                 0
122         24.67049200205417        2.23606797749979                                 5
123         24.67049200205417        0.0                                 0
124         22.137944443898945        0.0                                 0
125         21.747896367542566        0.0                                 0
126         21.747896367542566        2.23606797749979                                 5
127         21.747896367542566        0.0                                 0
128         23.762837377327287        2.23606797749979                                 5
129         23.682703630224147        0.0                                 0
130         23.66251025393394        0.0                                 0
131         23.66251025393394        0.0                                 0
132         23.897517065491627        0.0                                 0
133         23.393719180478257        0.0                                 0
134         23.393719180478257        2.23606797749979                                 5
135         23.390616233570373        0.0                                 0
136         23.390616233570373        0.0                                 0
137         23.393192628645433        0.0                                 0
138         23.195387943372776        0.0                                 0
139         22.278359200165596        0.0                                 0
140         22.278359200165596        0.0                                 0
141         22.308663843447775        0.0                                 0
142         22.30278642884005        0.0                                 0
143         21.41082312077883        0.0                                 0
144         21.41082312077883        0.0                                 0
145         21.28530203361093        0.0                                 0
146         21.28530203361093        0.0                                 0
147         22.99062988165149        2.23606797749979                                 5
148         22.701250526629405        0.0                                 0
149         22.701250526629405        2.23606797749979                                 5
150         22.66951604872799        0.0                                 0
151         22.66951604872799        2.23606797749979                                 5
152         22.66951604872799        2.23606797749979                                 5
153         22.66951604872799        0.0                                 0
154         22.706316196323026        0.0                                 0
155         22.706316196323026        2.23606797749979                                 5
156         22.706316196323026        2.23606797749979                                 5
157         22.706316196323026        2.23606797749979                                 5
158         22.706316196323026        0.0                                 0
159         23.084519299847905        0.0                                 0
160         23.01503588385021        0.0                                 0
161         23.01503588385021        0.0                                 0
162         22.627164750638293        0.0                                 0
163         22.627164750638293        2.23606797749979                                 5
164         22.62689188525744        0.0                                 0
165         22.626810408859004        0.0                                 0
166         20.08699703651541        0.0                                 0
167         17.733789343147087        0.0                                 0
168         17.686618062370147        0.0                                 0
169         17.665708886989318        0.0                                 0
170         17.665708886989318        2.23606797749979                                 5
171         17.665708886989318        2.23606797749979                                 5
172         17.665708886989318        0.0                                 0
173         17.676321287745647        0.0                                 0
174         17.747619814570943        0.0                                 0
175         17.572744242373425        0.0                                 0
176         17.572744242373425        0.0                                 0
177         17.57285558658619        2.23606797749979                                 5
178         16.055914639508153        0.0                                 0
179         15.736490529001378        0.0                                 0
180         15.736490529001378        2.23606797749979                                 5
181         15.736490529001378        0.0                                 0
182         15.742752824664791        2.23606797749979                                 5
183         15.742752824664791        2.23606797749979                                 5
184         15.742752824664791        0.0                                 0
185         15.182307014346117        0.0                                 0
186         15.182307014346117        2.23606797749979                                 5
187         14.695367556281958        0.0                                 0
188         14.695367556281958        2.23606797749979                                 5
189         14.695367556281958        0.0                                 0
190         14.618822342176339        0.0                                 0
191         14.618822342176339        0.0                                 0
192         13.15884024580188        0.0                                 0
193         13.158082107522642        0.0                                 0
194         13.158082107522642        2.23606797749979                                 5
195         13.158082107522642        2.23606797749979                                 5
196         13.158082107522642        0.0                                 0
197         13.195003052603795        0.0                                 0
198         12.924450551327277        0.0                                 0
199         12.758081798815867        0.0                                 0
200         12.758081798815867        2.23606797749979                                 5
201         12.74077011497055        0.0                                 0
202         12.74077011497055        2.23606797749979                                 5
203         12.74077011497055        2.23606797749979                                 5
204         11.152291421817486        0.0                                 0
205         10.41292583796386        0.0                                 0
206         10.41292583796386        2.23606797749979                                 5
207         10.369330226274096        0.0                                 0
208         10.364353915069376        0.0                                 0
209         10.364353915069376        2.23606797749979                                 5
210         10.30117986805553        0.0                                 0
211         10.252734846409982        0.0                                 0
212         10.252734846409982        2.23606797749979                                 5
213         10.0989328326372        0.0                                 0
214         10.09407166392772        0.0                                 0
215         10.09407166392772        2.23606797749979                                 5
216         10.09407166392772        2.23606797749979                                 5
217         10.09407166392772        2.23606797749979                                 5
218         10.09407166392772        0.0                                 0
219         10.098597990976362        2.23606797749979                                 5
220         10.098597990976362        2.23606797749979                                 5
221         10.098597990976362        2.23606797749979                                 5
222         10.098597990976362        2.23606797749979                                 5
223         10.098597990976362        2.23606797749979                                 5
224         10.098597990976362        2.23606797749979                                 5
225         10.098597990976362        2.23606797749979                                 5
226         10.098597990976362        2.23606797749979                                 5
227         10.098490298266736        0.0                                 0
228         10.098490298266736        2.23606797749979                                 5
229         10.098490298266736        2.23606797749979                                 5
230         10.068181918844024        0.0                                 0
231         10.068181918844024        2.23606797749979                                 5
232         10.068181918844024        2.23606797749979                                 5
233         10.068181918844024        2.23606797749979                                 5
234         8.065088491777136        0.0                                 0
235         7.814468027531189        0.0                                 0
236         7.814468027531189        2.23606797749979                                 5
237         7.814468027531189        2.23606797749979                                 5
238         7.814468027531189        0.0                                 0
239         7.81904111389298        2.23606797749979                                 5
240         7.495036319147524        0.0                                 0
241         7.192868238608802        0.0                                 0
242         7.192868238608802        2.23606797749979                                 5
243         7.192868238608802        2.23606797749979                                 5
244         7.192786078907356        0.0                                 0
245         7.192786078907356        2.23606797749979                                 5
246         7.192786078907356        2.23606797749979                                 5
247         7.192786078907356        2.23606797749979                                 5
248         7.192786078907356        2.23606797749979                                 5
249         7.192786078907356        2.23606797749979                                 5
250         7.192786078907356        2.23606797749979                                 5
251         7.192429626198961        0.0                                 0
252         7.191869382911698        0.0                                 0
253         7.191869382911698        2.23606797749979                                 5
254         7.177019592210901        0.0                                 0
255         7.177019592210901        2.23606797749979                                 5
256         7.177019592210901        2.23606797749979                                 5
257         7.177019592210901        2.23606797749979                                 5
258         6.931078105957474        0.0                                 0
259         6.931078105957474        2.23606797749979                                 5
260         6.762131439906804        0.0                                 0
261         6.762131439906804        2.23606797749979                                 5
262         6.761526443060578        0.0                                 0
263         6.761526443060578        2.23606797749979                                 5
264         6.761526443060578        2.23606797749979                                 5
265         6.761526443060578        2.23606797749979                                 5
266         6.761526443060578        2.23606797749979                                 5
267         6.761526443060578        2.23606797749979                                 5
268         6.760869002174619        0.0                                 0
269         6.760869002174619        2.23606797749979                                 5
270         6.760869002174619        2.23606797749979                                 5
271         6.760869002174619        2.23606797749979                                 5
272         6.760869002174619        2.23606797749979                                 5
273         6.7564229570569365        0.0                                 0
274         6.7564229570569365        2.23606797749979                                 5
275         6.7564229570569365        2.23606797749979                                 5
276         5.320774082424958        0.0                                 0
277         5.27908258612394        0.0                                 0
278         5.279060097197798        0.0                                 0
279         5.173608708164819        0.0                                 0
280         5.173608708164819        2.23606797749979                                 5
281         5.173608708164819        2.23606797749979                                 5
282         5.173608708164819        2.23606797749979                                 5
283         5.173608708164819        2.23606797749979                                 5
284         2.7328393413158225        0.0                                 0
285         2.7328393413158225        2.23606797749979                                 5
286         2.7328393413158225        0.0                                 0
287         2.7331771166734993        2.23606797749979                                 5
288         2.7331771166734993        0.0                                 0
289         2.725874439812367        0.0                                 0
290         2.7232082691564274        0.0                                 0
291         2.72284309850674        0.0                                 0
292         2.72284309850674        2.23606797749979                                 5
293         2.72284309850674        2.23606797749979                                 5
294         2.72284309850674        2.23606797749979                                 5
295         2.72284309850674        2.23606797749979                                 5
296         2.72284309850674        2.23606797749979                                 5
297         2.72284309850674        2.23606797749979                                 5
298         2.72284309850674        2.23606797749979                                 5
299         2.72284309850674        2.23606797749979                                 5
300         2.7113320892992387        0.0                                 0
301         2.710023279531484        0.0                                 0
302         2.710023279531484        2.23606797749979                                 5
303         2.710023279531484        2.23606797749979                                 5
304         2.710023279531484        2.23606797749979                                 5
305         2.710023279531484        2.23606797749979                                 5
306         2.710023279531484        2.23606797749979                                 5
307         2.710023279531484        2.23606797749979                                 5
308         2.710023279531484        2.23606797749979                                 5
309         2.710023279531484        2.23606797749979                                 5
310         2.710023279531484        2.23606797749979                                 5
311         2.6988863217825774        0.0                                 0
312         2.6988863217825774        2.23606797749979                                 5
313         2.6988863217825774        2.23606797749979                                 5
314         2.6988863217825774        2.23606797749979                                 5
315         2.6988863217825774        2.23606797749979                                 5
316         2.6988863217825774        2.23606797749979                                 5
317         2.6988863217825774        2.23606797749979                                 5
318         2.6988863217825774        2.23606797749979                                 5
319         2.6988863217825774        2.23606797749979                                 5
320         2.698749500708627        0.0                                 0
321         2.698749500708627        2.23606797749979                                 5
322         2.698749500708627        2.23606797749979                                 5
323         2.349820195262858        0.0                                 0
324         2.349820195262858        2.23606797749979                                 5
325         2.349820195262858        2.23606797749979                                 5
326         2.328884373853484        0.0                                 0
327         2.328884373853484        2.23606797749979                                 5
328         2.328884373853484        2.23606797749979                                 5
329         2.328884373853484        2.23606797749979                                 5
330         2.3279658551272555        0.0                                 0
331         2.3224246333017806        0.0                                 0
332         2.321921085188448        0.0                                 0
333         2.321921085188448        2.23606797749979                                 5
334         2.321921085188448        2.23606797749979                                 5
335         2.321921085188448        2.23606797749979                                 5
336         2.320874382724417        0.0                                 0
337         2.3149044751207772        0.0                                 0
338         2.3149044751207772        2.23606797749979                                 5
339         2.3149044751207772        2.23606797749979                                 5
340         2.3149044751207772        2.23606797749979                                 5
341         2.3136161447357937        0.0                                 0
342         2.3136161447357937        2.23606797749979                                 5
343         2.3136161447357937        2.23606797749979                                 5
344         2.3136161447357937        2.23606797749979                                 5
345         2.312365601300954        0.0                                 0
346         2.312365601300954        2.23606797749979                                 5
347         2.312365601300954        2.23606797749979                                 5
348         2.312365601300954        2.23606797749979                                 5
349         2.3033331794177245        0.0                                 0
350         2.3033331794177245        2.23606797749979                                 5
351         2.292925171942678        0.0                                 0
352         2.292925171942678        2.23606797749979                                 5
353         2.292925171942678        2.23606797749979                                 5
354         2.2924974838781758        0.0                                 0
355         2.2924974838781758        2.23606797749979                                 5
356         2.2924974838781758        2.23606797749979                                 5
357         2.2924974838781758        2.23606797749979                                 5
358         2.2924974838781758        2.23606797749979                                 5
359         2.2924974838781758        2.23606797749979                                 5
360         2.29220274173417        0.0                                 0
361         2.29220274173417        2.23606797749979                                 5
362         2.29220274173417        2.23606797749979                                 5
363         2.182361965273734        0.0                                 0
364         2.182361965273734        2.23606797749979                                 5
365         2.182361965273734        2.23606797749979                                 5
366         2.1792443882844017        0.0                                 0
367         2.1792443882844017        2.23606797749979                                 5
368         2.1792443882844017        2.23606797749979                                 5
369         2.179171781772065        0.0                                 0
370         2.179171781772065        2.23606797749979                                 5
371         2.177588632982591        0.0                                 0
372         2.177588632982591        2.23606797749979                                 5
373         2.177588632982591        2.23606797749979                                 5
374         2.177588632982591        2.23606797749979                                 5
375         2.177588632982591        2.23606797749979                                 5
376         2.177588632982591        2.23606797749979                                 5
377         2.177588632982591        2.23606797749979                                 5
378         2.177588632982591        2.23606797749979                                 5
379         2.177588632982591        2.23606797749979                                 5
380         2.177588632982591        2.23606797749979                                 5
381         2.177588632982591        2.23606797749979                                 5
382         2.177588632982591        2.23606797749979                                 5
383         2.177588632982591        2.23606797749979                                 5
384         2.177588632982591        2.23606797749979                                 5
385         2.177588632982591        2.23606797749979                                 5
386         1.8926767269707192        0.0                                 0
387         1.8926767269707192        2.23606797749979                                 5
388         1.8727544102223848        0.0                                 0
389         1.872677312671045        0.0                                 0
390         1.8473312162909434        0.0                                 0
391         1.8473312162909434        2.23606797749979                                 5
392         1.8473312162909434        2.23606797749979                                 5
393         1.8473312162909434        2.23606797749979                                 5
394         1.8304469216882273        0.0                                 0
395         1.8247636716508457        0.0                                 0
396         1.8247636716508457        2.23606797749979                                 5
397         1.8247636716508457        2.23606797749979                                 5
398         1.8247636716508457        2.23606797749979                                 5
399         1.8247636716508457        2.23606797749979                                 5
400         1.8202723449417895        0.0                                 0
401         1.8202723449417895        2.23606797749979                                 5
402         1.8202723449417895        2.23606797749979                                 5
403         1.8202723449417895        2.23606797749979                                 5
404         1.8202723449417895        2.23606797749979                                 5
405         1.7711942742057933        0.0                                 0
406         1.7711942742057933        2.23606797749979                                 5
407         1.7711942742057933        2.23606797749979                                 5
408         1.496458639740889        0.0                                 0
409         1.496458639740889        2.23606797749979                                 5
410         1.4946326880141343        0.0                                 0
411         1.4946326880141343        2.23606797749979                                 5
412         1.4946326880141343        2.23606797749979                                 5
413         1.4946326880141343        2.23606797749979                                 5
414         1.4946326880141343        2.23606797749979                                 5
415         1.4946326880141343        2.23606797749979                                 5
416         1.4946326880141343        2.23606797749979                                 5
417         1.4946326880141343        2.23606797749979                                 5
418         1.4946326880141343        2.23606797749979                                 5
419         1.4946326880141343        2.23606797749979                                 5
420         1.4946326880141343        2.23606797749979                                 5
421         1.4946326880141343        2.23606797749979                                 5
422         1.4946326880141343        2.23606797749979                                 5
423         1.4851103211068921        0.0                                 0
424         1.4851103211068921        2.23606797749979                                 5
425         1.4851103211068921        2.23606797749979                                 5
426         1.4851103211068921        2.23606797749979                                 5
427         1.4851103211068921        2.23606797749979                                 5
428         1.4851103211068921        2.23606797749979                                 5
429         1.4851103211068921        2.23606797749979                                 5
430         1.4851103211068921        2.23606797749979                                 5
431         1.1063230683654088        0.0                                 0
432         1.1063230683654088        2.23606797749979                                 5
433         1.1063230683654088        2.23606797749979                                 5
434         1.1063230683654088        2.23606797749979                                 5
435         1.1063230683654088        2.23606797749979                                 5
436         1.1063230683654088        2.23606797749979                                 5
437         1.1063230683654088        2.23606797749979                                 5
438         1.105445189596438        0.0                                 0
439         1.105445189596438        2.23606797749979                                 5
440         1.0346811643190479        0.0                                 0
441         1.0346811643190479        2.23606797749979                                 5
442         1.0346811643190479        2.23606797749979                                 5
443         1.0346811643190479        2.23606797749979                                 5
444         1.0346811643190479        2.23606797749979                                 5
445         1.0346811643190479        2.23606797749979                                 5
446         1.0345031477084115        0.0                                 0
447         1.0345031477084115        2.23606797749979                                 5
448         1.0345031477084115        2.23606797749979                                 5
449         1.0345031477084115        2.23606797749979                                 5
450         1.0345031477084115        2.23606797749979                                 5
451         1.0345031477084115        2.23606797749979                                 5
452         1.0345031477084115        2.23606797749979                                 5
453         1.0345031477084115        2.23606797749979                                 5
454         1.0345031477084115        2.23606797749979                                 5
455         1.0345031477084115        2.23606797749979                                 5
456         1.0345031477084115        2.23606797749979                                 5
457         1.0345031477084115        2.23606797749979                                 5
458         1.0345031477084115        2.23606797749979                                 5
459         1.0345031477084115        2.23606797749979                                 5
460         1.0345031477084115        2.23606797749979                                 5
461         1.0345031477084115        2.23606797749979                                 5
462         1.0345031477084115        2.23606797749979                                 5
463         1.0345031477084115        2.23606797749979                                 5
464         1.0345031477084115        2.23606797749979                                 5
465         1.0345031477084115        2.23606797749979                                 5
466         1.0345031477084115        2.23606797749979                                 5
467         1.0345031477084115        2.23606797749979                                 5
468         1.0345031477084115        2.23606797749979                                 5
469         1.0345031477084115        2.23606797749979                                 5
470         1.0345031477084115        2.23606797749979                                 5
471         1.0345031477084115        2.23606797749979                                 5
472         1.0345031477084115        2.23606797749979                                 5
473         1.0345031477084115        2.23606797749979                                 5
474         1.0345031477084115        2.23606797749979                                 5
475         1.0345031477084115        2.23606797749979                                 5
476         1.0345031477084115        2.23606797749979                                 5
477         1.0345031477084115        2.23606797749979                                 5
478         1.0345031477084115        2.23606797749979                                 5
479         1.0345031477084115        2.23606797749979                                 5
480         1.0345031477084115        2.23606797749979                                 5
481         1.0345031477084115        2.23606797749979                                 5
482         1.0345031477084115        2.23606797749979                                 5
483         1.0345031477084115        2.23606797749979                                 5
484         1.0345031477084115        2.23606797749979                                 5
485         1.0345031477084115        2.23606797749979                                 5
486         1.0345031477084115        2.23606797749979                                 5
487         1.0345031477084115        2.23606797749979                                 5
488         1.0345031477084115        2.23606797749979                                 5
489         1.0345031477084115        2.23606797749979                                 5
490         1.0345031477084115        2.23606797749979                                 5
491         1.0345031477084115        2.23606797749979                                 5
492         1.0345031477084115        2.23606797749979                                 5
493         1.0345031477084115        2.23606797749979                                 5
494         1.0345031477084115        2.23606797749979                                 5
495         1.0345031477084115        2.23606797749979                                 5
496         0.7260238603615127        0.0                                 0
497         0.7260238603615127        2.23606797749979                                 5
498         0.7260238603615127        2.23606797749979                                 5
499         0.690776980233557        0.0                                 0
500         0.690776980233557        2.23606797749979                                 5
501         0.690776980233557        2.23606797749979                                 5
502         0.690776980233557        2.23606797749979                                 5
503         0.690776980233557        2.23606797749979                                 5
504         0.690776980233557        2.23606797749979                                 5
505         0.690776980233557        2.23606797749979                                 5
506         0.690776980233557        2.23606797749979                                 5
507         0.690776980233557        2.23606797749979                                 5
508         0.690776980233557        2.23606797749979                                 5
509         0.690776980233557        2.23606797749979                                 5
510         0.690776980233557        2.23606797749979                                 5
511         0.690776980233557        2.23606797749979                                 5
512         0.690776980233557        2.23606797749979                                 5
513         0.690776980233557        2.23606797749979                                 5
514         0.690776980233557        2.23606797749979                                 5
515         0.690776980233557        2.23606797749979                                 5
516         0.690776980233557        2.23606797749979                                 5
517         0.690776980233557        2.23606797749979                                 5
518         0.690776980233557        2.23606797749979                                 5
519         0.6907474281015712        0.0                                 0
520         0.6907474281015712        2.23606797749979                                 5
521         0.6905331534366747        0.0                                 0
522         0.6905331534366747        2.23606797749979                                 5
523         0.6905331534366747        2.23606797749979                                 5
524         0.6905331534366747        2.23606797749979                                 5
525         0.690148870038663        0.0                                 0
526         0.690148870038663        2.23606797749979                                 5
527         0.6763602068192518        0.0                                 0
528         0.6763602068192518        2.23606797749979                                 5
529         0.6763602068192518        2.23606797749979                                 5
530         0.6763602068192518        2.23606797749979                                 5
531         0.6763602068192518        2.23606797749979                                 5
532         0.6763602068192518        2.23606797749979                                 5
533         0.6763602068192518        2.23606797749979                                 5
534         0.6763602068192518        2.23606797749979                                 5
535         0.6763602068192518        2.23606797749979                                 5
536         0.670206562854188        0.0                                 0
537         0.670206562854188        1.7320508075688772                                 3
538         0.670206562854188        2.23606797749979                                 5
539         0.670206562854188        2.23606797749979                                 5
540         0.670206562854188        2.23606797749979                                 5
541         0.670206562854188        2.23606797749979                                 5
542         0.670206562854188        2.23606797749979                                 5
543         0.670206562854188        2.23606797749979                                 5
544         0.670206562854188        2.23606797749979                                 5
545         0.670206562854188        2.23606797749979                                 5
546         0.670206562854188        2.23606797749979                                 5
547         0.670206562854188        2.23606797749979                                 5
548         0.670206562854188        2.23606797749979                                 5
549         0.670206562854188        2.23606797749979                                 5
550         0.670206562854188        2.23606797749979                                 5
551         0.6680924256748311        0.0                                 0
552         0.6680924256748311        1.7320508075688772                                 3
553         0.6633831714093907        0.0                                 0
554         0.6633831714093907        2.23606797749979                                 5
555         0.6625051868395327        0.0                                 0
556         0.6625051868395327        2.23606797749979                                 5
557         0.6625051868395327        2.23606797749979                                 5
558         0.6586070439809449        0.0                                 0
559         0.6586070439809449        2.23606797749979                                 5
560         0.6586070439809449        2.23606797749979                                 5
561         0.6586070439809449        2.23606797749979                                 5
562         0.6586070439809449        2.23606797749979                                 5
563         0.6586070439809449        2.23606797749979                                 5
564         0.6586070439809449        2.23606797749979                                 5
565         0.6586070439809449        2.23606797749979                                 5
566         0.6586070439809449        2.23606797749979                                 5
567         0.6586070439809449        2.23606797749979                                 5
568         0.6586070439809449        2.23606797749979                                 5
569         0.6586070439809449        2.23606797749979                                 5
570         0.6586070439809449        2.23606797749979                                 5
571         0.6586070439809449        2.23606797749979                                 5
572         0.6586070439809449        2.23606797749979                                 5
573         0.6586070439809449        2.23606797749979                                 5
574         0.6586070439809449        2.23606797749979                                 5
575         0.6553633774561725        0.0                                 0
576         0.6547803780940319        0.0                                 0
577         0.6544639503591083        0.0                                 0
578         0.6544639503591083        2.23606797749979                                 5
579         0.6544639503591083        2.23606797749979                                 5
580         0.6544639503591083        2.23606797749979                                 5
581         0.6544639503591083        2.23606797749979                                 5
582         0.6544639503591083        2.23606797749979                                 5
583         0.6544639503591083        2.23606797749979                                 5
584         0.6544639503591083        2.23606797749979                                 5
585         0.6544639503591083        2.23606797749979                                 5
586         0.6544639503591083        2.23606797749979                                 5
587         0.6544639503591083        2.23606797749979                                 5
588         0.6544639503591083        2.23606797749979                                 5
589         0.6544639503591083        2.23606797749979                                 5
590         0.6544639503591083        2.23606797749979                                 5
591         0.6544639503591083        2.23606797749979                                 5
592         0.6544639503591083        2.23606797749979                                 5
593         0.6544639503591083        2.23606797749979                                 5
594         0.6544639503591083        2.23606797749979                                 5
595         0.6544639503591083        2.23606797749979                                 5
596         0.6544639503591083        2.23606797749979                                 5
597         0.6544639503591083        2.23606797749979                                 5
598         0.6544639503591083        2.23606797749979                                 5
599         0.6544639503591083        2.23606797749979                                 5
600         0.6356822578928039        0.0                                 0
601         0.6356822578928039        2.23606797749979                                 5
602         0.6356822578928039        2.23606797749979                                 5
603         0.6356822578928039        2.23606797749979                                 5
604         0.6356822578928039        2.23606797749979                                 5
605         0.6356822578928039        2.23606797749979                                 5
606         0.6356822578928039        2.23606797749979                                 5
607         0.6356822578928039        2.23606797749979                                 5
608         0.6356822578928039        1.7320508075688772                                 3
609         0.6356822578928039        2.23606797749979                                 5
610         0.6356822578928039        2.23606797749979                                 5
611         0.6169022152268007        0.0                                 0
612         0.6169022152268007        2.23606797749979                                 5
613         0.6169022152268007        2.23606797749979                                 5
614         0.6169022152268007        2.23606797749979                                 5
615         0.6102288968806076        0.0                                 0
616         0.5937785239106393        0.0                                 0
617         0.5937785239106393        2.23606797749979                                 5
618         0.5937785239106393        2.23606797749979                                 5
619         0.5863542499684721        0.0                                 0
620         0.5863542499684721        2.23606797749979                                 5
621         0.5863542499684721        2.23606797749979                                 5
622         0.5705837781915235        0.0                                 0
623         0.5705837781915235        2.23606797749979                                 5
624         0.5705837781915235        2.23606797749979                                 5
625         0.5705837781915235        2.23606797749979                                 5
626         0.5705837781915235        2.23606797749979                                 5
627         0.569709711140312        0.0                                 0
628         0.5650193326333196        0.0                                 0
629         0.5650193326333196        2.23606797749979                                 5
630         0.5650193326333196        2.23606797749979                                 5
631         0.5650193326333196        2.23606797749979                                 5
632         0.5650193326333196        2.23606797749979                                 5
633         0.5650193326333196        2.23606797749979                                 5
634         0.5649443308388963        0.0                                 0
635         0.5649443308388963        2.23606797749979                                 5
636         0.5649443308388963        2.23606797749979                                 5
637         0.5649443308388963        2.23606797749979                                 5
638         0.5649443308388963        2.23606797749979                                 5
639         0.5649443308388963        2.23606797749979                                 5
640         0.5649443308388963        2.23606797749979                                 5
641         0.5649443308388963        2.23606797749979                                 5
642         0.5649443308388963        2.23606797749979                                 5
643         0.5649443308388963        2.23606797749979                                 5
644         0.5649443308388963        2.23606797749979                                 5
645         0.5649443308388963        2.23606797749979                                 5
646         0.5649443308388963        2.23606797749979                                 5
647         0.5649443308388963        2.23606797749979                                 5
648         0.5649443308388963        2.23606797749979                                 5
649         0.5649443308388963        2.23606797749979                                 5
650         0.5649443308388963        2.23606797749979                                 5
651         0.5634314939691976        0.0                                 0
652         0.5634314939691976        1.7320508075688772                                 3
653         0.5634314939691976        2.23606797749979                                 5
654         0.5634314939691976        2.23606797749979                                 5
655         0.5634314939691976        2.23606797749979                                 5
656         0.5634314939691976        2.23606797749979                                 5
657         0.5634314939691976        2.23606797749979                                 5
658         0.5634314939691976        2.23606797749979                                 5
659         0.5634314939691976        2.23606797749979                                 5
660         0.5619775765574692        0.0                                 0
661         0.5619775765574692        2.23606797749979                                 5
662         0.5619775765574692        2.23606797749979                                 5
663         0.5619775765574692        2.23606797749979                                 5
664         0.5619775765574692        2.23606797749979                                 5
665         0.339272703150378        0.0                                 0
666         0.339272703150378        2.23606797749979                                 5
667         0.339272703150378        2.23606797749979                                 5
668         0.339272703150378        2.23606797749979                                 5
669         0.339272703150378        2.23606797749979                                 5
670         0.339272703150378        2.23606797749979                                 5
671         0.339272703150378        2.23606797749979                                 5
672         0.339272703150378        2.23606797749979                                 5
673         0.339272703150378        2.23606797749979                                 5
674         0.339272703150378        2.23606797749979                                 5
675         0.339272703150378        2.23606797749979                                 5
676         0.339272703150378        2.23606797749979                                 5
677         0.339272703150378        2.23606797749979                                 5
678         0.339272703150378        2.23606797749979                                 5
679         0.339272703150378        2.23606797749979                                 5
680         0.3156761498116316        0.0                                 0
681         0.3156761498116316        2.23606797749979                                 5
682         0.3156761498116316        2.23606797749979                                 5
683         0.3156761498116316        2.23606797749979                                 5
684         0.3156761498116316        2.23606797749979                                 5
685         0.3156761498116316        2.23606797749979                                 5
686         0.3156761498116316        2.23606797749979                                 5
687         0.3156761498116316        2.23606797749979                                 5
688         0.3156761498116316        2.23606797749979                                 5
689         0.3156761498116316        2.23606797749979                                 5
690         0.3156761498116316        2.23606797749979                                 5
691         0.3156761498116316        2.23606797749979                                 5
692         0.3156761498116316        2.23606797749979                                 5
693         0.3156761498116316        2.23606797749979                                 5
694         0.3156761498116316        2.23606797749979                                 5
695         0.3156761498116316        2.23606797749979                                 5
696         0.3156761498116316        2.23606797749979                                 5
697         0.3156761498116316        2.23606797749979                                 5
698         0.3156761498116316        2.23606797749979                                 5
699         0.3156761498116316        2.23606797749979                                 5
700         0.3156761498116316        2.23606797749979                                 5
701         0.3156761498116316        2.23606797749979                                 5
702         0.3155155496399372        0.0                                 0
703         0.3155155496399372        2.23606797749979                                 5
704         0.3155155496399372        2.23606797749979                                 5
705         0.3146781087236255        0.0                                 0
706         0.3146781087236255        2.23606797749979                                 5
707         0.2986345699307574        0.0                                 0
708         0.29811528382606167        0.0                                 0
709         0.29811528382606167        2.23606797749979                                 5
710         0.29811528382606167        2.23606797749979                                 5
711         0.29811528382606167        2.23606797749979                                 5
712         0.29811528382606167        2.23606797749979                                 5
713         0.29811528382606167        2.23606797749979                                 5
714         0.29811528382606167        2.23606797749979                                 5
715         0.29811528382606167        2.23606797749979                                 5
716         0.29811528382606167        2.23606797749979                                 5
717         0.29811528382606167        2.23606797749979                                 5
718         0.29811528382606167        2.23606797749979                                 5
719         0.29811528382606167        2.23606797749979                                 5
720         0.29811528382606167        2.23606797749979                                 5
721         0.29811528382606167        2.23606797749979                                 5
722         0.29811528382606167        2.23606797749979                                 5
723         0.29811528382606167        2.23606797749979                                 5
724         0.29811528382606167        2.23606797749979                                 5
725         0.04858696473894227        0.0                                 0
726         0.04858696473894227        2.23606797749979                                 5
727         0.04858696473894227        2.23606797749979                                 5
728         0.04858696473894227        2.23606797749979                                 5
729         0.04858696473894227        1.7320508075688772                                 3
730         0.04858696473894227        2.23606797749979                                 5
731         0.04858696473894227        2.23606797749979                                 5
732         0.04858696473894227        2.23606797749979                                 5
733         0.04858696473894227        2.23606797749979                                 5
734         0.04721912111509993        0.0                                 0
735         0.04721912111509993        2.23606797749979                                 5
736         0.04721912111509993        2.23606797749979                                 5
737         0.04721912111509993        2.23606797749979                                 5
738         0.04721912111509993        2.23606797749979                                 5
739         0.04721912111509993        2.23606797749979                                 5
740         0.04721912111509993        2.23606797749979                                 5
741         0.04580690273997475        0.0                                 0
742         0.04580690273997475        2.23606797749979                                 5
743         0.04580690273997475        2.23606797749979                                 5
744         0.04580690273997475        2.23606797749979                                 5
745         0.04576676668326735        0.0                                 0
746         0.04576676668326735        2.23606797749979                                 5
747         0.04576676668326735        2.23606797749979                                 5
748         0.04274378131894896        0.0                                 0
749         0.04274378131894896        2.23606797749979                                 5
750         0.04274378131894896        2.23606797749979                                 5
751         0.04274378131894896        2.23606797749979                                 5
752         0.04274378131894896        2.23606797749979                                 5
753         0.04274378131894896        2.23606797749979                                 5
754         0.04274378131894896        2.23606797749979                                 5
755         0.04274378131894896        2.23606797749979                                 5
756         0.04274378131894896        2.23606797749979                                 5
757         0.04274378131894896        2.23606797749979                                 5
758         0.04264352466587806        0.0                                 0
759         0.04264352466587806        2.23606797749979                                 5
760         0.038525442022023106        0.0                                 0
761         0.038525442022023106        2.23606797749979                                 5
762         0.038525442022023106        2.23606797749979                                 5
763         0.03323681311272612        0.0                                 0
764         0.03323681311272612        2.23606797749979                                 5
765         0.03323681311272612        2.23606797749979                                 5
766         0.03323681311272612        2.23606797749979                                 5
767         0.03323681311272612        2.23606797749979                                 5
768         0.03210710718269092        0.0                                 0
769         0.03210710718269092        2.23606797749979                                 5
770         0.03210710718269092        2.23606797749979                                 5
771         0.03210710718269092        2.23606797749979                                 5
772         0.03210710718269092        2.23606797749979                                 5
773         0.03210710718269092        2.23606797749979                                 5
774         0.03210710718269092        2.23606797749979                                 5
775         0.03210710718269092        2.23606797749979                                 5
776         0.027294807476744898        0.0                                 0
777         0.027294807476744898        2.23606797749979                                 5
778         0.027294807476744898        2.23606797749979                                 5
779         0.027294807476744898        2.23606797749979                                 5
780         0.027294807476744898        2.23606797749979                                 5
781         0.027294807476744898        2.23606797749979                                 5
782         0.027294807476744898        2.23606797749979                                 5
783         0.027294807476744898        2.23606797749979                                 5
784         0.027294807476744898        2.23606797749979                                 5
785         0.024541471756308615        0.0                                 0
786         0.024541471756308615        1.7320508075688772                                 3
787         0.024541471756308615        2.23606797749979                                 5
788         0.024541471756308615        2.23606797749979                                 5
789         0.022657610180532823        0.0                                 0
790         0.022657610180532823        2.23606797749979                                 5
791         0.022657610180532823        2.23606797749979                                 5
792         0.022657610180532823        2.23606797749979                                 5
793         0.022390987557241428        0.0                                 0
794         0.022390987557241428        2.23606797749979                                 5
795         0.022390987557241428        2.23606797749979                                 5
796         0.022390987557241428        2.23606797749979                                 5
797         0.02190562537917244        0.0                                 0
798         0.02190562537917244        2.23606797749979                                 5
799         0.02190562537917244        2.23606797749979                                 5
800         0.02190562537917244        2.23606797749979                                 5
801         0.02190562537917244        2.23606797749979                                 5
802         0.02190562537917244        2.23606797749979                                 5
803         0.02190562537917244        2.23606797749979                                 5
804         0.02190562537917244        2.23606797749979                                 5
805         0.02190562537917244        2.23606797749979                                 5
806         0.02190562537917244        2.23606797749979                                 5
807         0.02190562537917244        2.23606797749979                                 5
808         0.02190562537917244        2.23606797749979                                 5
809         0.02190562537917244        2.23606797749979                                 5
810         0.02190562537917244        2.23606797749979                                 5
811         0.02190562537917244        2.23606797749979                                 5
812         0.02190562537917244        2.23606797749979                                 5
813         0.02190562537917244        2.23606797749979                                 5
814         0.02190562537917244        2.23606797749979                                 5
815         0.02190562537917244        1.7320508075688772                                 3
816         0.02190562537917244        2.23606797749979                                 5
817         0.02190562537917244        2.23606797749979                                 5
818         0.02190562537917244        2.23606797749979                                 5
819         0.02190562537917244        2.23606797749979                                 5
820         0.02190562537917244        2.23606797749979                                 5
821         0.02190562537917244        2.23606797749979                                 5
822         0.02190562537917244        2.23606797749979                                 5
823         0.021680800393580394        0.0                                 0
824         0.021680800393580394        2.23606797749979                                 5
825         0.021680800393580394        2.23606797749979                                 5
826         0.02142603660346371        0.0                                 0
827         0.02142125074638295        0.0                                 0
828         0.02142125074638295        2.23606797749979                                 5
829         0.02142125074638295        2.23606797749979                                 5
830         0.02142125074638295        2.23606797749979                                 5
831         0.02142125074638295        2.23606797749979                                 5
832         0.021403871219983103        0.0                                 0
833         0.021403871219983103        2.23606797749979                                 5
834         0.021403871219983103        2.23606797749979                                 5
835         0.019206163769522385        0.0                                 0
836         0.019206163769522385        2.23606797749979                                 5
837         0.019206163769522385        2.23606797749979                                 5
838         0.019206163769522385        2.23606797749979                                 5
839         0.019206163769522385        2.23606797749979                                 5
840         0.019206163769522385        2.23606797749979                                 5
841         0.019206163769522385        2.23606797749979                                 5
842         0.019206163769522385        2.23606797749979                                 5
843         0.019206163769522385        2.23606797749979                                 5
844         0.019206163769522385        2.23606797749979                                 5
845         0.019206163769522385        2.23606797749979                                 5
846         0.019206163769522385        2.23606797749979                                 5
847         0.01157071488195128        0.0                                 0
848         0.01157071488195128        2.23606797749979                                 5
849         0.01157071488195128        2.23606797749979                                 5
850         0.01157071488195128        2.23606797749979                                 5
851         0.01157071488195128        2.23606797749979                                 5
852         0.01157071488195128        2.23606797749979                                 5
853         0.01157071488195128        2.23606797749979                                 5
854         0.01157071488195128        2.23606797749979                                 5
855         0.011476913864687504        0.0                                 0
856         0.011476913864687504        2.23606797749979                                 5
857         0.011458908143156183        0.0                                 0
858         0.011458908143156183        2.23606797749979                                 5
859         0.011458908143156183        2.23606797749979                                 5
860         0.011458908143156183        2.23606797749979                                 5
861         0.011458908143156183        2.23606797749979                                 5
862         0.011458908143156183        2.23606797749979                                 5
863         0.011458908143156183        2.23606797749979                                 5
864         0.011458908143156183        2.23606797749979                                 5
865         0.011256219746428755        0.0                                 0
866         0.011256219746428755        2.23606797749979                                 5
867         0.011256219746428755        2.23606797749979                                 5
868         0.011256219746428755        2.23606797749979                                 5
869         0.011256219746428755        2.23606797749979                                 5
870         0.011256219746428755        1.7320508075688772                                 3
871         0.011256219746428755        2.23606797749979                                 5
872         0.011256219746428755        2.23606797749979                                 5
873         0.011256219746428755        2.23606797749979                                 5
874         0.011256219746428755        2.23606797749979                                 5
875         0.009704838773022771        0.0                                 0
876         0.009704838773022771        2.23606797749979                                 5
877         0.009704838773022771        2.23606797749979                                 5
878         0.009704838773022771        2.23606797749979                                 5
879         0.009704838773022771        2.23606797749979                                 5
880         0.009704838773022771        2.23606797749979                                 5
881         0.009704838773022771        2.23606797749979                                 5
882         0.009704838773022771        2.23606797749979                                 5
883         0.009704838773022771        2.23606797749979                                 5
884         0.009704838773022771        2.23606797749979                                 5
885         0.009704838773022771        2.23606797749979                                 5
886         0.009704838773022771        2.23606797749979                                 5
887         0.009704838773022771        2.23606797749979                                 5
888         0.009704838773022771        2.23606797749979                                 5
889         0.009704838773022771        2.23606797749979                                 5
890         0.009704838773022771        2.23606797749979                                 5
891         0.009704838773022771        2.23606797749979                                 5
892         0.009704838773022771        2.23606797749979                                 5
893         0.009704838773022771        2.23606797749979                                 5
894         0.009704838773022771        1.7320508075688772                                 3
895         0.009704838773022771        2.23606797749979                                 5
896         0.009704838773022771        2.23606797749979                                 5
897         0.009704838773022771        2.23606797749979                                 5
898         0.009704838773022771        2.23606797749979                                 5
899         0.009704838773022771        2.23606797749979                                 5
900         0.00967950853564577        0.0                                 0
901         0.00967950853564577        2.23606797749979                                 5
902         0.00967950853564577        2.23606797749979                                 5
903         0.00967950853564577        2.23606797749979                                 5
904         0.00967950853564577        2.23606797749979                                 5
905         0.00967950853564577        2.23606797749979                                 5
906         0.00967950853564577        2.23606797749979                                 5
907         0.00967950853564577        2.23606797749979                                 5
908         0.009599941825748555        0.0                                 0
909         0.009599941825748555        2.23606797749979                                 5
910         0.009599941825748555        2.23606797749979                                 5
911         0.009599941825748555        2.23606797749979                                 5
912         0.009599941825748555        2.23606797749979                                 5
913         0.009599941825748555        2.23606797749979                                 5
914         0.009599941825748555        2.23606797749979                                 5
915         0.009599941825748555        2.23606797749979                                 5
916         0.009599941825748555        2.23606797749979                                 5
917         0.009599941825748555        2.23606797749979                                 5
918         0.009599941825748555        2.23606797749979                                 5
919         0.009538574672851283        0.0                                 0
920         0.009538574672851283        2.23606797749979                                 5
921         0.009538574672851283        2.23606797749979                                 5
922         0.009538574672851283        2.23606797749979                                 5
923         0.009538574672851283        2.23606797749979                                 5
924         0.009538574672851283        2.23606797749979                                 5
925         0.009538574672851283        2.23606797749979                                 5
926         0.009538574672851283        2.23606797749979                                 5
927         0.008616540792716842        0.0                                 0
928         0.008616540792716842        2.23606797749979                                 5
929         0.008616540792716842        2.23606797749979                                 5
930         0.008616540792716842        2.23606797749979                                 5
931         0.008616540792716842        2.23606797749979                                 5
932         0.008616540792716842        2.23606797749979                                 5
933         0.008588256516276756        0.0                                 0
934         0.008588256516276756        2.23606797749979                                 5
935         0.008588256516276756        2.23606797749979                                 5
936         0.008588256516276756        2.23606797749979                                 5
937         0.008588256516276756        2.23606797749979                                 5
938         0.008588256516276756        2.23606797749979                                 5
939         0.008588256516276756        2.23606797749979                                 5
940         0.008588256516276756        2.23606797749979                                 5
941         0.008588256516276756        2.23606797749979                                 5
942         0.008588256516276756        2.23606797749979                                 5
943         0.008588256516276756        2.23606797749979                                 5
944         0.008588256516276756        2.23606797749979                                 5
945         0.008588256516276756        2.23606797749979                                 5
946         0.008588256516276756        2.23606797749979                                 5
947         0.008588256516276756        2.23606797749979                                 5
948         0.008529148100005355        0.0                                 0
949         0.008529148100005355        2.23606797749979                                 5
950         0.008529148100005355        2.23606797749979                                 5
951         0.008529148100005355        2.23606797749979                                 5
952         0.008529148100005355        2.23606797749979                                 5
953         0.008529148100005355        2.23606797749979                                 5
954         0.008529148100005355        2.23606797749979                                 5
955         0.008506700799635489        0.0                                 0
956         0.008506700799635489        2.23606797749979                                 5
957         0.008491239807976496        0.0                                 0
958         0.008491239807976496        2.23606797749979                                 5
959         0.008491239807976496        2.23606797749979                                 5
960         0.008491239807976496        2.23606797749979                                 5
961         0.008491239807976496        2.23606797749979                                 5
962         0.008491239807976496        2.23606797749979                                 5
963         0.008491239807976496        2.23606797749979                                 5
964         0.008375177485053908        0.0                                 0
965         0.008375177485053908        2.23606797749979                                 5
966         0.008375177485053908        2.23606797749979                                 5
967         0.008375177485053908        2.23606797749979                                 5
968         0.008375177485053908        2.23606797749979                                 5
969         0.008375177485053908        2.23606797749979                                 5
970         0.008375177485053908        2.23606797749979                                 5
971         0.008375177485053908        2.23606797749979                                 5
972         0.008375177485053908        2.23606797749979                                 5
973         0.008375177485053908        2.23606797749979                                 5
974         0.008375177485053908        2.23606797749979                                 5
975         0.008375177485053908        2.23606797749979                                 5
976         0.008375177485053908        2.23606797749979                                 5
977         0.008375177485053908        2.23606797749979                                 5
978         0.008375177485053908        2.23606797749979                                 5
979         0.008375177485053908        2.23606797749979                                 5
980         0.008375177485053908        2.23606797749979                                 5
981         0.008375177485053908        2.23606797749979                                 5
982         0.008375177485053908        2.23606797749979                                 5
983         0.008375177485053908        2.23606797749979                                 5
984         0.008375177485053908        1.7320508075688772                                 3
985         0.008375177485053908        2.23606797749979                                 5
986         0.008375177485053908        2.23606797749979                                 5
987         0.008375177485053908        2.23606797749979                                 5
988         0.008375177485053908        2.23606797749979                                 5
989         0.008375177485053908        2.23606797749979                                 5
990         0.008362909511627164        0.0                                 0
991         0.008362909511627164        2.23606797749979                                 5
992         0.00827971387339322        0.0                                 0
993         0.00827971387339322        2.23606797749979                                 5
994         0.00827971387339322        2.23606797749979                                 5
995         0.00827971387339322        2.23606797749979                                 5
996         0.00827971387339322        2.23606797749979                                 5
997         0.00827971387339322        2.23606797749979                                 5
998         0.00827971387339322        2.23606797749979                                 5
999         0.00827971387339322        2.23606797749979                                 5
// Funcion: sphere Enfriamiento: exponencial Semilla: 1995109454