iteracion  mejor_solucion    distancia_euclidiana                 distancia_hamming
0         4252.466787674008        0.0                                 0
1         4308.066059476333        0.0                                 0
2         4740.412353283311        0.0                                 0
3         4747.558493226755        0.0                                 0
4         3983.5220370156226        0.0                                 0
5         3849.0003170410187        0.0                                 0
6         3825.077332814508        0.0                                 0
7         3825.077332814508        0.0                                 0
8         3814.009161810117        0.0                                 0
9         3814.009161810117        0.0                                 0
10         3731.5673845873225        0.0                                 0
11         3009.1618015631757        0.0                                 0
12         2989.1260559904867        0.0                                 0
13         2989.1260559904867        0.0                                 0
14         2993.1923317091273        0.0                                 0
15         2998.358517449828        0.0                                 0
16         2998.358517449828        2.23606797749979                                 5
17         2998.358517449828        0.0                                 0
18         3008.1844688060573        0.0                                 0
19         3038.7423025420153        2.23606797749979                                 5
20         2992.1715119729224        0.0                                 0
21         2987.8075420072973        0.0                                 0
22         2987.8075420072973        0.0                                 0
23         2989.0973098708955        0.0                                 0
24         3002.800721418652        0.0                                 0
25         2686.3950953711615        0.0                                 0
26         2686.3950953711615        0.0                                 0
27         2885.0259327002295        0.0                                 0
28         2878.55766311935        0.0                                 0
29         2671.006262074379        0.0                                 0
30         2671.006262074379        0.0                                 0
31         2700.474643593647        2.23606797749979                                 5
32         2695.575899615083        0.0                                 0
33         2695.575899615083        0.0                                 0
34         2755.0254023832576        2.23606797749979                                 5
35         2755.0254023832576        0.0                                 0
36         2740.8638172383507        0.0                                 0
37         2740.8638172383507        2.23606797749979                                 5
38         2740.8638172383507        0.0                                 0
39         2780.5471085926        0.0                                 0
40         2780.5471085926        2.23606797749979                                 5
41         2016.3965060077976        0.0                                 0
42         2016.3965060077976        2.23606797749979                                 5
43         2016.3965060077976        0.0                                 0
44         1898.9876666376967        0.0                                 0
45         1784.146329444382        0.0                                 0
46         1784.146329444382        2.23606797749979                                 5
47         1784.146329444382        0.0                                 0
48         1538.3630217657578        0.0                                 0
49         1532.0193476483582        0.0                                 0
50         1532.0193476483582        2.23606797749979                                 5
51         1532.0193476483582        2.23606797749979                                 5
52         1532.0193476483582        0.0                                 0
53         1532.3270382306127        0.0                                 0
54         1536.1747528456235        0.0                                 0
55         1612.859852048654        2.23606797749979                                 5
56         1612.2388625435235        0.0                                 0
57         1612.2388625435235        2.23606797749979                                 5
58         1612.2388625435235        2.23606797749979                                 5
59         1559.203619989984        0.0                                 0
60         1348.7373401649718        0.0                                 0
61         1348.1645831575809        0.0                                 0
62         1164.6362344395031        0.0                                 0
63         1164.6362344395031        0.0                                 0
64         1100.9376175484606        0.0                                 0
65         1100.0387399420806        0.0                                 0
66         1100.0387399420806        2.23606797749979                                 5
67         1100.0387399420806        2.23606797749979                                 5
68         1100.0387399420806        0.0                                 0
69         1123.8532891058426        2.23606797749979                                 5
70         1123.8532891058426        2.23606797749979                                 5
71         1109.1073841271452        0.0                                 0
72         1085.3690855700265        0.0                                 0
73         1064.5744690283734        0.0                                 0
74         1064.5744690283734        2.23606797749979                                 5
75         1064.5744690283734        0.0                                 0
76         1064.3577310000567        0.0                                 0
77         1064.3577310000567        2.23606797749979                                 5
78         753.7579095124893        0.0                                 0
79         753.7579095124893        2.23606797749979                                 5
80         753.7579095124893        2.23606797749979                                 5
81         753.7579095124893        2.23606797749979                                 5
82         753.7579095124893        2.23606797749979                                 5
83         712.5205691342094        0.0                                 0
84         601.1166795362893        0.0                                 0
85         601.1166795362893        0.0                                 0
86         592.4241249214106        0.0                                 0
87         592.4241249214106        2.23606797749979                                 5
88         592.4241249214106        2.23606797749979                                 5
89         563.0725239071202        0.0                                 0
90         560.3652438968228        0.0                                 0
91         560.3652438968228        2.23606797749979                                 5
92         558.05438857606        0.0                                 0
93         557.900128957887        0.0                                 0
94         557.900128957887        2.23606797749979                                 5
95         549.0724334929613        0.0                                 0
96         537.3580881982929        0.0                                 0
97         537.3580881982929        0.0                                 0
98         538.3445552224732        0.0                                 0
99         512.8319797710683        0.0                                 0
100         512.8319797710683        2.23606797749979                                 5
101         512.8319797710683        2.23606797749979                                 5
102         512.8319797710683        2.23606797749979                                 5
103         512.4517939792343        0.0                                 0
104         512.4517939792343        2.23606797749979                                 5
105         512.4517939792343        1.7320508075688772                                 3
106         512.4517939792343        0.0                                 0
107         512.8791620104131        2.23606797749979                                 5
108         512.8791620104131        2.23606797749979                                 5
109         512.8791620104131        2.23606797749979                                 5
110         512.8718629038775        0.0                                 0
111         512.7971884067473        0.0                                 0
112         512.7971884067473        2.23606797749979                                 5
113         512.7971884067473        2.23606797749979                                 5
114         512.7971884067473        0.0                                 0
115         515.1680154971623        0.0                                 0
116         515.1680154971623        2.23606797749979                                 5
117         515.1680154971623        2.23606797749979                                 5
118         515.1680154971623        2.23606797749979                                 5
119         515.1680154971623        2.23606797749979                                 5
120         515.1680154971623        2.23606797749979                                 5
121         454.5969490216008        0.0                                 0
122         454.5969490216008        2.23606797749979                                 5
123         454.5969490216008        0.0                                 0
124         456.3772162498336        2.23606797749979                                 5
125         456.3772162498336        2.23606797749979                                 5
126         436.5418807330227        0.0                                 0
127         436.5418807330227        0.0                                 0
128         436.6523064812149        2.23606797749979                                 5
129         436.6523064812149        2.23606797749979                                 5
130         436.6523064812149        2.23606797749979                                 5
131         436.6523064812149        2.23606797749979                                 5
132         436.6523064812149        2.23606797749979                                 5
133         436.6523064812149        2.23606797749979                                 5
134         436.6523064812149        2.23606797749979                                 5
135         436.6523064812149        2.23606797749979                                 5
136         436.6523064812149        2.23606797749979                                 5
137         436.6523064812149        2.23606797749979                                 5
138         436.6523064812149        2.23606797749979                                 5
139         436.6523064812149        2.23606797749979                                 5
140         433.5871138558799        0.0                                 0
141         433.5871138558799        2.23606797749979                                 5
142         433.5871138558799        2.23606797749979                                 5
143         433.5871138558799        2.23606797749979                                 5
144         433.5871138558799        2.23606797749979                                 5
145         433.5871138558799        2.23606797749979                                 5
146         433.5871138558799        2.23606797749979                                 5
147         433.5871138558799        2.23606797749979                                 5
148         433.5871138558799        2.23606797749979                                 5
149         433.5871138558799        2.23606797749979                                 5
150         433.5871138558799        2.23606797749979                                 5
151         433.5871138558799        2.23606797749979                                 5
152         433.5871138558799        2.23606797749979                                 5
153         431.43874632156593        0.0                                 0
154         431.43874632156593        2.23606797749979                                 5
155         431.43874632156593        2.23606797749979                                 5
156         431.43874632156593        2.23606797749979                                 5
157         431.43874632156593        2.23606797749979                                 5
158         431.41859682112846        0.0                                 0
159         431.41859682112846        2.23606797749979                                 5
160         431.41859682112846        2.23606797749979                                 5
161         431.41859682112846        2.23606797749979                                 5
162         431.41859682112846        2.23606797749979                                 5
163         431.41859682112846        2.23606797749979                                 5
164         431.41859682112846        2.23606797749979                                 5
165         431.41859682112846        2.23606797749979                                 5
166         431.41859682112846        2.23606797749979                                 5
167         425.2529409944264        0.0                                 0
168         425.10236714900975        0.0                                 0
169         413.41710454359253        0.0                                 0
170         413.41710454359253        2.23606797749979                                 5
171         413.41710454359253        2.23606797749979                                 5
172         413.41710454359253        2.23606797749979                                 5
173         413.41710454359253        2.23606797749979                                 5
174         413.41710454359253        2.23606797749979                                 5
175         413.41710454359253        2.23606797749979                                 5
176         413.41710454359253        2.23606797749979                                 5
177         413.41710454359253        2.23606797749979                                 5
178         407.0810036586506        0.0                                 0
179         407.0810036586506        2.23606797749979                                 5
180         407.0810036586506        2.23606797749979                                 5
181         406.51675474436325        0.0                                 0
182         406.51675474436325        2.23606797749979                                 5
183         406.51675474436325        2.23606797749979                                 5
184         406.47109061892536        0.0                                 0
185         406.47109061892536        2.23606797749979                                 5
186         406.47109061892536        2.23606797749979                                 5
187         406.47109061892536        2.23606797749979                                 5
188         400.71736471571        0.0                                 0
189         400.71736471571        2.23606797749979                                 5
190         400.71736471571        0.0                                 0
191         394.9670797159256        0.0                                 0
192         394.9670797159256        2.23606797749979                                 5
193         394.9670797159256        0.0                                 0
194         394.97637939759653        2.23606797749979                                 5
195         394.97637939759653        2.23606797749979                                 5
196         394.89633321903733        0.0                                 0
197         394.89633321903733        2.23606797749979                                 5
198         394.89633321903733        2.23606797749979                                 5
199         393.3770330010684        0.0                                 0
200         393.3770330010684        2.23606797749979                                 5
201         393.3770330010684        2.23606797749979                                 5
202         393.3770330010684        2.23606797749979                                 5
203         393.0204262089401        0.0                                 0
204         393.0204262089401        2.23606797749979                                 5
205         393.0204262089401        2.23606797749979                                 5
206         360.87183763482363        0.0                                 0
207         360.87183763482363        2.23606797749979                                 5
208         357.8620435365508        0.0                                 0
209         357.8620435365508        2.23606797749979                                 5
210         331.72040091742775        0.0                                 0
211         321.2303549503156        0.0                                 0
212         321.2303549503156        2.23606797749979                                 5
213         321.2303549503156        2.23606797749979                                 5
214         321.2303549503156        2.23606797749979                                 5
215         321.2303549503156        2.23606797749979                                 5
216         321.2303549503156        2.23606797749979                                 5
217         318.10896600937673        0.0                                 0
218         318.10896600937673        2.23606797749979                                 5
219         318.10896600937673        2.23606797749979                                 5
220         318.10896600937673        2.23606797749979                                 5
221         318.10896600937673        2.23606797749979                                 5
222         318.10896600937673        2.23606797749979                                 5
223         318.10896600937673        2.23606797749979                                 5
224         318.1067119781639        0.0                                 0
225         318.1067119781639        2.23606797749979                                 5
226         316.9973929233488        0.0                                 0
227         316.9973929233488        2.23606797749979                                 5
228         316.4367960026674        0.0                                 0
229         316.4367960026674        2.23606797749979                                 5
230         316.0570203631577        0.0                                 0
231         316.0570203631577        2.23606797749979                                 5
232         316.0570203631577        2.23606797749979                                 5
233         314.967031083905        0.0                                 0
234         314.967031083905        2.23606797749979                                 5
235         314.967031083905        2.23606797749979                                 5
236         314.967031083905        2.23606797749979                                 5
237         314.967031083905        2.23606797749979                                 5
238         314.967031083905        2.23606797749979                                 5
239         314.967031083905        2.23606797749979                                 5
240         314.967031083905        2.23606797749979                                 5
241         314.967031083905        2.23606797749979                                 5
242         314.967031083905        2.23606797749979                                 5
243         314.967031083905        2.23606797749979                                 5
244         314.967031083905        2.23606797749979                                 5
245         314.967031083905        2.23606797749979                                 5
246         314.967031083905        2.23606797749979                                 5
247         314.967031083905        2.23606797749979                                 5
248         314.967031083905        2.23606797749979                                 5
249         314.967031083905        2.23606797749979                                 5
250         314.967031083905        2.23606797749979                                 5
251         314.967031083905        2.23606797749979                                 5
252         314.967031083905        2.23606797749979                                 5
253         314.967031083905        2.23606797749979                                 5
254         314.967031083905        2.23606797749979                                 5
255         308.5457451448544        0.0                                 0
256         307.4969634463273        0.0                                 0
257         307.4969634463273        2.23606797749979                                 5
258         307.4969634463273        2.23606797749979                                 5
259         299.2709214648428        0.0                                 0
260         299.2709214648428        2.23606797749979                                 5
261         299.2709214648428        2.23606797749979                                 5
262         298.345074190598        0.0                                 0
263         298.345074190598        2.23606797749979                                 5
264         295.26017285889384        0.0                                 0
265         295.26017285889384        2.23606797749979                                 5
266         295.26017285889384        2.23606797749979                                 5
267         295.26017285889384        2.23606797749979                                 5
268         295.26017285889384        2.23606797749979                                 5
269         295.26017285889384        2.23606797749979                                 5
270         295.26017285889384        2.23606797749979                                 5
271         295.26017285889384        2.23606797749979                                 5
272         293.4633666837707        0.0                                 0
273         281.9030632151295        0.0                                 0
274         281.9030632151295        2.23606797749979                                 5
275         281.9030632151295        2.23606797749979                                 5
276         281.9030632151295        2.23606797749979                                 5
277         281.9030632151295        2.23606797749979                                 5
278         281.9030632151295        2.23606797749979                                 5
279         281.9030632151295        2.23606797749979                                 5
280         281.9030632151295        2.23606797749979                                 5
281         281.9030632151295        2.23606797749979                                 5
282         281.9030632151295        1.7320508075688772                                 3
283         281.9030632151295        2.23606797749979                                 5
284         281.8736310104535        0.0                                 0
285         281.8736310104535        2.23606797749979                                 5
286         266.665894320962        0.0                                 0
287         266.665894320962        2.23606797749979                                 5
288         266.665894320962        2.23606797749979                                 5
289         266.665894320962        2.23606797749979                                 5
290         266.50286254533273        0.0                                 0
291         260.41374009317985        0.0                                 0
292         260.3734037521507        0.0                                 0
293         260.3734037521507        2.23606797749979                                 5
294         260.3734037521507        2.23606797749979                                 5
295         260.3734037521507        2.23606797749979                                 5
296         260.3734037521507        2.23606797749979                                 5
297         260.3734037521507        2.23606797749979                                 5
298         260.3734037521507        2.23606797749979                                 5
299         260.3734037521507        2.23606797749979                                 5
300         260.3734037521507        2.23606797749979                                 5
301         260.3734037521507        2.23606797749979                                 5
302         260.3734037521507        2.23606797749979                                 5
303         260.3734037521507        2.23606797749979                                 5
304         260.3558887657274        0.0                                 0
305         260.3558887657274        2.23606797749979                                 5
306         260.3558887657274        2.23606797749979                                 5
307         260.3558887657274        2.23606797749979                                 5
308         244.61907151095255        0.0                                 0
309         244.61907151095255        2.23606797749979                                 5
310         244.61907151095255        2.23606797749979                                 5
311         244.61907151095255        2.23606797749979                                 5
312         244.5305345856649        0.0                                 0
313         244.5305345856649        2.23606797749979                                 5
314         244.5305345856649        2.23606797749979                                 5
315         244.5305345856649        2.23606797749979                                 5
316         244.5305345856649        2.23606797749979                                 5
317         244.5305345856649        2.23606797749979                                 5
318         244.5305345856649        2.23606797749979                                 5
319         244.2770480179133        0.0                                 0
320         244.2770480179133        2.23606797749979                                 5
321         244.2770480179133        2.23606797749979                                 5
322         232.28502795528826        0.0                                 0
323         232.28502795528826        2.23606797749979                                 5
324         232.28502795528826        2.23606797749979                                 5
325         232.28502795528826        2.23606797749979                                 5
326         232.28502795528826        2.23606797749979                                 5
327         232.28502795528826        2.23606797749979                                 5
328         232.28502795528826        2.23606797749979                                 5
329         232.28502795528826        2.23606797749979                                 5
330         232.28502795528826        2.23606797749979                                 5
331         232.28502795528826        2.23606797749979                                 5
332         232.28502795528826        2.23606797749979                                 5
333         232.28502795528826        2.23606797749979                                 5
334         232.28502795528826        2.23606797749979                                 5
335         232.28502795528826        2.23606797749979                                 5
336         232.28502795528826        2.23606797749979                                 5
337         232.28502795528826        2.23606797749979                                 5
338         232.28502795528826        2.23606797749979                                 5
339         232.09205345716413        0.0                                 0
340         232.09205345716413        2.23606797749979                                 5
341         230.62807787856565        0.0                                 0
342         230.62807787856565        2.23606797749979                                 5
343         230.62807787856565        2.23606797749979                                 5
344         230.62807787856565        2.23606797749979                                 5
345         230.62807787856565        2.23606797749979                                 5
346         230.62807787856565        2.23606797749979                                 5
347         230.62807787856565        2.23606797749979                                 5
348         230.62807787856565        2.23606797749979                                 5
349         230.62807787856565        2.23606797749979                                 5
350         230.62807787856565        2.23606797749979                                 5
351         230.62807787856565        2.23606797749979                                 5
352         230.62807787856565        2.23606797749979                                 5
353         230.62807787856565        2.23606797749979                                 5
354         230.62807787856565        2.23606797749979                                 5
355         230.62807787856565        2.23606797749979                                 5
356         230.62807787856565        2.23606797749979                                 5
357         230.62807787856565        2.23606797749979                                 5
358         230.62807787856565        2.23606797749979                                 5
359         230.62807787856565        2.23606797749979                                 5
360         230.62807787856565        2.23606797749979                                 5
361         230.62807787856565        2.23606797749979                                 5
362         230.62807787856565        2.23606797749979                                 5
363         230.62807787856565        2.23606797749979                                 5
364         230.62807787856565        2.23606797749979                                 5
365         230.62807787856565        2.23606797749979                                 5
366         230.62807787856565        2.23606797749979                                 5
367         230.62807787856565        2.23606797749979                                 5
368         230.62807787856565        2.23606797749979                                 5
369         230.62807787856565        2.23606797749979                                 5
370         230.62807787856565        2.23606797749979                                 5
371         230.62807787856565        2.23606797749979                                 5
372         230.62807787856565        2.23606797749979                                 5
373         230.62807787856565        2.23606797749979                                 5
374         230.62807787856565        2.23606797749979                                 5
375         230.62807787856565        2.23606797749979                                 5
376         230.62807787856565        2.23606797749979                                 5
377         230.62807787856565        2.23606797749979                                 5
378         230.62807787856565        2.23606797749979                                 5
379         230.62807787856565        2.23606797749979                                 5
380         230.62807787856565        2.23606797749979                                 5
381         230.62807787856565        2.23606797749979                                 5
382         230.62807787856565        2.23606797749979                                 5
383         230.62807787856565        2.23606797749979                                 5
384         230.62807787856565        2.23606797749979                                 5
385         230.62807787856565        2.23606797749979                                 5
386         229.81520621706915        0.0                                 0
387         229.81520621706915        2.23606797749979                                 5
388         229.81520621706915        2.23606797749979                                 5
389         229.81520621706915        2.23606797749979                                 5
390         229.81520621706915        2.23606797749979                                 5
391         229.81397316640044        0.0                                 0
392         229.81397316640044        2.23606797749979                                 5
393         229.81397316640044        2.23606797749979                                 5
394         229.81397316640044        2.23606797749979                                 5
395         229.81397316640044        2.23606797749979                                 5
396         229.81397316640044        2.23606797749979                                 5
397         222.6051151671087        0.0                                 0
398         222.6051151671087        1.7320508075688772                                 3
399         222.6051151671087        2.23606797749979                                 5
400         222.6051151671087        2.23606797749979                                 5
401         222.5871429196872        0.0                                 0
402         222.5871429196872        2.23606797749979                                 5
403         222.5871429196872        2.23606797749979                                 5
404         222.5871429196872        2.23606797749979                                 5
405         222.5871429196872        2.23606797749979                                 5
406         221.73673122520378        0.0                                 0
407         221.73673122520378        2.23606797749979                                 5
408         221.73673122520378        2.23606797749979                                 5
409         221.73673122520378        2.23606797749979                                 5
410         221.73673122520378        2.23606797749979                                 5
411         221.16443859086382        0.0                                 0
412         220.32780945120305        0.0                                 0
413         220.32780945120305        2.23606797749979                                 5
414         220.32780945120305        2.23606797749979                                 5
415         220.32780945120305        2.23606797749979                                 5
416         219.8966093270214        0.0                                 0
417         219.75446781549135        0.0                                 0
418         219.75446781549135        2.23606797749979                                 5
419         219.75446781549135        2.23606797749979                                 5
420         219.75446781549135        2.23606797749979                                 5
421         219.75446781549135        2.23606797749979                                 5
422         219.75446781549135        2.23606797749979                                 5
423         219.75446781549135        2.23606797749979                                 5
424         219.75446781549135        2.23606797749979                                 5
425         219.75446781549135        2.23606797749979                                 5
426         219.75446781549135        2.23606797749979                                 5
427         219.75446781549135        2.23606797749979                                 5
428         219.75446781549135        2.23606797749979                                 5
429         219.75446781549135        2.23606797749979                                 5
430         219.75446781549135        2.23606797749979                                 5
431         219.75446781549135        2.23606797749979                                 5
432         215.87477929906143        0.0                                 0
433         215.87477929906143        2.23606797749979                                 5
434         215.87477929906143        2.23606797749979                                 5
435         215.87477929906143        2.23606797749979                                 5
436         215.77013777777975        0.0                                 0
437         215.77013777777975        2.23606797749979                                 5
438         215.77013777777975        2.23606797749979                                 5
439         215.77013777777975        2.23606797749979                                 5
440         215.77013777777975        2.23606797749979                                 5
441         215.77013777777975        2.23606797749979                                 5
442         215.77013777777975        2.23606797749979                                 5
443         215.77013777777975        2.23606797749979                                 5
444         215.77013777777975        2.23606797749979                                 5
445         215.77013777777975        2.23606797749979                                 5
446         215.77013777777975        2.23606797749979                                 5
447         215.77013777777975        2.23606797749979                                 5
448         215.77013777777975        2.23606797749979                                 5
449         215.77013777777975        2.23606797749979                                 5
450         215.77013777777975        2.23606797749979                                 5
451         215.77013777777975        2.23606797749979                                 5
452         215.77013777777975        2.23606797749979                                 5
453         215.77013777777975        1.7320508075688772                                 3
454         215.77013777777975        2.23606797749979                                 5
455         215.77013777777975        2.23606797749979                                 5
456         215.77013777777975        2.23606797749979                                 5
457         215.77013777777975        2.23606797749979                                 5
458         215.24140974111936        0.0                                 0
459         215.24140974111936        2.23606797749979                                 5
460         215.24140974111936        2.23606797749979                                 5
461         215.24140974111936        2.23606797749979                                 5
462         215.24140974111936        2.23606797749979                                 5
463         215.24140974111936        2.23606797749979                                 5
464         215.24140974111936        2.23606797749979                                 5
465         215.24140974111936        2.23606797749979                                 5
466         215.24140974111936        2.23606797749979                                 5
467         215.24140974111936        2.23606797749979                                 5
468         215.24140974111936        2.23606797749979                                 5
469         215.24140974111936        2.23606797749979                                 5
470         215.24140974111936        2.23606797749979                                 5
471         215.17802666264652        0.0                                 0
472         215.17802666264652        2.23606797749979                                 5
473         215.17802666264652        2.23606797749979                                 5
474         215.17802666264652        2.23606797749979                                 5
475         215.17802666264652        2.23606797749979                                 5
476         215.17802666264652        2.23606797749979                                 5
477         215.17802666264652        2.23606797749979                                 5
478         215.17802666264652        2.23606797749979                                 5
479         215.17802666264652        2.23606797749979                                 5
480         215.17802666264652        2.23606797749979                                 5
481         215.17802666264652        2.23606797749979                                 5
482         215.17802666264652        2.23606797749979                                 5
483         215.17802666264652        2.23606797749979                                 5
484         215.17802666264652        2.23606797749979                                 5
485         215.0525861989956        0.0                                 0
486         215.0525861989956        2.23606797749979                                 5
487         215.0525861989956        2.23606797749979                                 5
488         215.0525861989956        2.23606797749979                                 5
489         208.4664412121359        0.0                                 0
490         204.63999440694022        0.0                                 0
491         204.63999440694022        2.23606797749979                                 5
492         204.63999440694022        2.23606797749979                                 5
493         204.63999440694022        2.23606797749979                                 5
494         204.63999440694022        2.23606797749979                                 5
495         204.63999440694022        2.23606797749979                                 5
496         204.63999440694022        2.23606797749979                                 5
497         204.63999440694022        1.7320508075688772                                 3
498         204.63999440694022        2.23606797749979                                 5
499         204.63999440694022        2.23606797749979                                 5
500         204.63999440694022        2.23606797749979                                 5
501         204.0405687435572        0.0                                 0
502         204.0405687435572        2.23606797749979                                 5
503         204.0405687435572        2.23606797749979                                 5
504         204.0405687435572        2.23606797749979                                 5
505         204.0405687435572        2.23606797749979                                 5
506         191.9234103593363        0.0                                 0
507         191.07109990447657        0.0                                 0
508         181.39000850914744        0.0                                 0
509         181.39000850914744        2.23606797749979                                 5
510         181.39000850914744        2.23606797749979                                 5
511         181.39000850914744        2.23606797749979                                 5
512         181.39000850914744        2.23606797749979                                 5
513         181.39000850914744        2.23606797749979                                 5
514         181.39000850914744        2.23606797749979                                 5
515         181.39000850914744        2.23606797749979                                 5
516         181.39000850914744        2.23606797749979                                 5
517         181.38998491606566        0.0                                 0
518         180.79744715334698        0.0                                 0
519         180.79744715334698        2.23606797749979                                 5
520         180.79744715334698        2.23606797749979                                 5
521         180.79744715334698        2.23606797749979                                 5
522         180.79744715334698        2.23606797749979                                 5
523         180.79744715334698        2.23606797749979                                 5
524         180.79744715334698        2.23606797749979                                 5
525         180.79744715334698        2.23606797749979                                 5
526         180.79744715334698        2.23606797749979                                 5
527         180.79744715334698        2.23606797749979                                 5
528         180.79744715334698        2.23606797749979                                 5
529         180.79744715334698        2.23606797749979                                 5
530         180.79744715334698        2.23606797749979                                 5
531         180.79744715334698        2.23606797749979                                 5
532         180.79744715334698        2.23606797749979                                 5
533         180.79744715334698        2.23606797749979                                 5
534         180.79744715334698        2.23606797749979                                 5
535         180.79744715334698        2.23606797749979                                 5
536         180.79744715334698        2.23606797749979                                 5
537         180.79744715334698        2.23606797749979                                 5
538         180.79744715334698        2.23606797749979                                 5
539         180.79744715334698        2.23606797749979                                 5
540         180.79744715334698        2.23606797749979                                 5
541         180.2724345114801        0.0                                 0
542         180.2724345114801        2.23606797749979                                 5
543         176.40646764280393        0.0                                 0
544         176.40646764280393        2.23606797749979                                 5
545         176.40646764280393        2.23606797749979                                 5
546         176.40646764280393        2.23606797749979                                 5
547         176.40646764280393        2.23606797749979                                 5
548         176.40646764280393        2.23606797749979                                 5
549         176.40646764280393        2.23606797749979                                 5
550         176.40646764280393        2.23606797749979                                 5
551         174.08390509405376        0.0                                 0
552         174.08390509405376        2.23606797749979                                 5
553         174.08390509405376        2.23606797749979                                 5
554         174.08390509405376        2.23606797749979                                 5
555         174.08390509405376        2.23606797749979                                 5
556         174.08390509405376        2.23606797749979                                 5
557         174.08390509405376        2.23606797749979                                 5
558         174.08390509405376        2.23606797749979                                 5
559         174.08390509405376        2.23606797749979                                 5
560         174.08390509405376        2.23606797749979                                 5
561         174.08390509405376        2.23606797749979                                 5
562         174.08390509405376        2.23606797749979                                 5
563         174.08390509405376        2.23606797749979                                 5
564         174.08390509405376        2.23606797749979                                 5
565         174.08390509405376        2.23606797749979                                 5
566         174.08390509405376        2.23606797749979                                 5
567         174.08390509405376        2.23606797749979                                 5
568         174.08390509405376        2.23606797749979                                 5
569         174.08390509405376        2.23606797749979                                 5
570         171.47759937120043        0.0                                 0
571         171.47759937120043        2.23606797749979                                 5
572         171.47759937120043        2.23606797749979                                 5
573         171.47759937120043        2.23606797749979                                 5
574         171.47759937120043        2.23606797749979                                 5
575         171.47759937120043        2.23606797749979                                 5
576         171.47759937120043        2.23606797749979                                 5
577         171.47759937120043        2.23606797749979                                 5
578         171.47759937120043        2.23606797749979                                 5
579         171.47759937120043        2.23606797749979                                 5
580         171.47759937120043        2.23606797749979                                 5
581         171.47759937120043        2.23606797749979                                 5
582         171.47759937120043        2.23606797749979                                 5
583         171.47759937120043        2.23606797749979                                 5
584         168.21106248380806        0.0                                 0
585         168.21106248380806        2.23606797749979                                 5
586         168.21106248380806        2.23606797749979                                 5
587         168.21106248380806        2.23606797749979                                 5
588         168.21106248380806        2.23606797749979                                 5
589         168.21106248380806        2.23606797749979                                 5
590         168.21106248380806        2.23606797749979                                 5
591         168.21106248380806        2.23606797749979                                 5
592         168.04685715690124        0.0                                 0
593         168.04685715690124        2.23606797749979                                 5
594         168.04685715690124        2.23606797749979                                 5
595         168.04685715690124        2.23606797749979                                 5
596         168.04685715690124        2.23606797749979                                 5
597         165.59901178815184        0.0                                 0
598         165.59901178815184        2.23606797749979                                 5
599         165.59901178815184        2.23606797749979                                 5
600         165.59901178815184        2.23606797749979                                 5
601         165.59901178815184        2.23606797749979                                 5
602         165.51453551366092        0.0                                 0
603         165.51453551366092        2.23606797749979                                 5
604         165.51453551366092        2.23606797749979                                 5
605         165.51453551366092        2.23606797749979                                 5
606         165.51453551366092        2.23606797749979                                 5
607         165.51453551366092        2.23606797749979                                 5
608         165.51453551366092        2.23606797749979                                 5
609         165.51453551366092        2.23606797749979                                 5
610         165.51453551366092        2.23606797749979                                 5
611         165.51453551366092        2.23606797749979                                 5
612         165.51453551366092        2.23606797749979                                 5
613         165.51453551366092        2.23606797749979                                 5
614         165.51453551366092        2.23606797749979                                 5
615         165.51453551366092        2.23606797749979                                 5
616         165.51453551366092        2.23606797749979                                 5
617         165.51453551366092        2.23606797749979                                 5
618         165.51453551366092        2.23606797749979                                 5
619         165.51453551366092        2.23606797749979                                 5
620         165.51453551366092        2.23606797749979                                 5
621         165.51453551366092        2.23606797749979                                 5
622         165.51453551366092        2.23606797749979                                 5
623         164.67770876348746        0.0                                 0
624         164.67770876348746        2.23606797749979                                 5
625         164.67770876348746        2.23606797749979                                 5
626         164.67770876348746        2.23606797749979                                 5
627         164.67770876348746        2.23606797749979                                 5
628         164.67770876348746        2.23606797749979                                 5
629         164.67770876348746        2.23606797749979                                 5
630         164.64990558779024        0.0                                 0
631         164.64990558779024        2.23606797749979                                 5
632         164.64990558779024        2.23606797749979                                 5
633         164.64990558779024        2.23606797749979                                 5
634         164.64990558779024        2.23606797749979                                 5
635         164.64990558779024        2.23606797749979                                 5
636         164.64990558779024        2.23606797749979                                 5
637         164.64990558779024        2.23606797749979                                 5
638         164.64990558779024        2.23606797749979                                 5
639         164.64990558779024        2.23606797749979                                 5
640         164.64990558779024        2.23606797749979                                 5
641         164.64990558779024        2.23606797749979                                 5
642         164.64990558779024        2.23606797749979                                 5
643         164.64990558779024        2.23606797749979                                 5
644         164.64990558779024        2.23606797749979                                 5
645         164.64990558779024        2.23606797749979                                 5
646         164.64990558779024        2.23606797749979                                 5
647         164.64990558779024        2.23606797749979                                 5
648         164.64990558779024        2.23606797749979                                 5
649         164.64990558779024        2.23606797749979                                 5
650         164.64990558779024        2.23606797749979                                 5
651         164.64990558779024        2.23606797749979                                 5
652         164.64990558779024        2.23606797749979                                 5
653         164.64990558779024        2.23606797749979                                 5
654         164.64990558779024        2.23606797749979                                 5
655         164.64990558779024        2.23606797749979                                 5
656         164.64990558779024        2.23606797749979                                 5
657         164.3382275762785        0.0                                 0
658         164.3382275762785        2.23606797749979                                 5
659         157.91489844402383        0.0                                 0
660         157.91489844402383        2.23606797749979                                 5
661         157.91489844402383        2.23606797749979                                 5
662         157.91489844402383        2.23606797749979                                 5
663         157.91489844402383        2.23606797749979                                 5
664         157.91489844402383        2.23606797749979                                 5
665         157.91489844402383        2.23606797749979                                 5
666         157.91489844402383        2.23606797749979                                 5
667         157.9127775255463        0.0                                 0
668         157.9127775255463        2.23606797749979                                 5
669         157.9127775255463        2.23606797749979                                 5
670         157.9127775255463        2.23606797749979                                 5
671         157.9127775255463        2.23606797749979                                 5
672         157.9127775255463        2.23606797749979                                 5
673         157.9127775255463        2.23606797749979                                 5
674         157.9127775255463        2.23606797749979                                 5
675         157.9127775255463        2.23606797749979                                 5
676         157.9127775255463        2.23606797749979                                 5
677         157.91058607084852        0.0                                 0
678         157.91058607084852        2.23606797749979                                 5
679         157.91058607084852        2.23606797749979                                 5
680         157.91058607084852        2.23606797749979                                 5
681         157.91058607084852        2.23606797749979                                 5
682         157.05191522765622        0.0                                 0
683         157.05191522765622        2.23606797749979                                 5
684         157.05191522765622        2.23606797749979                                 5
685         157.05191522765622        2.23606797749979                                 5
686         157.05191522765622        2.23606797749979                                 5
687         157.05191522765622        2.23606797749979                                 5
688         157.05191522765622        2.23606797749979                                 5
689         157.05191522765622        2.23606797749979                                 5
690         157.05191522765622        2.23606797749979                                 5
691         157.05191522765622        2.23606797749979                                 5
692         157.05191522765622        2.23606797749979                                 5
693         157.05191522765622        2.23606797749979                                 5
694         153.10641749277195        0.0                                 0
695         153.10641749277195        2.23606797749979                                 5
696         153.10641749277195        2.23606797749979                                 5
697         153.10641749277195        2.23606797749979                                 5
698         153.10641749277195        2.23606797749979                                 5
699         153.10641749277195        2.23606797749979                                 5
700         153.10641749277195        2.23606797749979                                 5
701         153.10641749277195        2.23606797749979                                 5
702         153.10641749277195        2.23606797749979                                 5
703         153.10641749277195        2.23606797749979                                 5
704         153.10641749277195        2.23606797749979                                 5
705         153.10641749277195        2.23606797749979                                 5
706         153.10641749277195        2.23606797749979                                 5
707         153.10641749277195        2.23606797749979                                 5
708         153.10641749277195        2.23606797749979                                 5
709         153.10641749277195        2.23606797749979                                 5
710         153.10641749277195        2.23606797749979                                 5
711         153.10641749277195        2.23606797749979                                 5
712         153.10641749277195        2.23606797749979                                 5
713         153.10641749277195        2.23606797749979                                 5
714         153.10641749277195        2.23606797749979                                 5
715         153.10641749277195        2.23606797749979                                 5
716         153.10641749277195        2.23606797749979                                 5
717         152.75458948984615        0.0                                 0
718         152.75458948984615        2.23606797749979                                 5
719         152.75458948984615        2.23606797749979                                 5
720         152.75458948984615        2.23606797749979                                 5
721         152.75458948984615        2.23606797749979                                 5
722         152.75458948984615        2.23606797749979                                 5
723         152.75458948984615        2.23606797749979                                 5
724         152.75458948984615        2.23606797749979                                 5
725         152.75458948984615        2.23606797749979                                 5
726         152.75458948984615        2.23606797749979                                 5
727         152.75458948984615        2.23606797749979                                 5
728         152.75458948984615        2.23606797749979                                 5
729         152.75458948984615        2.23606797749979                                 5
730         152.75458948984615        2.23606797749979                                 5
731         152.75458948984615        2.23606797749979                                 5
732         152.75458948984615        2.23606797749979                                 5
733         152.75458948984615        2.23606797749979                                 5
734         152.75458948984615        2.23606797749979                                 5
735         152.75458948984615        2.23606797749979                                 5
736         152.66982306491164        0.0                                 0
737         152.66982306491164        2.23606797749979                                 5
738         152.66982306491164        2.23606797749979                                 5
739         152.66982306491164        2.23606797749979                                 5
740         152.66982306491164        2.23606797749979                                 5
741         152.66982306491164        2.23606797749979                                 5
742         152.66982306491164        2.23606797749979                                 5
743         152.66982306491164        2.23606797749979                                 5
744         152.66982306491164        2.23606797749979                                 5
745         152.66982306491164        2.23606797749979                                 5
746         152.66982306491164        2.23606797749979                                 5
747         152.66982306491164        2.23606797749979                                 5
748         152.66982306491164        2.23606797749979                                 5
749         152.66982306491164        2.23606797749979                                 5
750         152.66982306491164        2.23606797749979                                 5
751         152.6002948557926        0.0                                 0
752         151.61310065304676        0.0                                 0
753         151.61310065304676        2.23606797749979                                 5
754         151.61310065304676        2.23606797749979                                 5
755         151.61310065304676        2.23606797749979                                 5
756         150.18314590927375        0.0                                 0
757         150.18314590927375        2.23606797749979                                 5
758         150.18314590927375        2.23606797749979                                 5
759         150.18314590927375        2.23606797749979                                 5
760         150.18314590927375        2.23606797749979                                 5
761         150.18314590927375        2.23606797749979                                 5
762         150.18314590927375        2.23606797749979                                 5
763         150.18314590927375        2.23606797749979                                 5
764         150.18314590927375        2.23606797749979                                 5
765         148.53237587583877        0.0                                 0
766         148.53237587583877        2.23606797749979                                 5
767         148.53237587583877        2.23606797749979                                 5
768         148.53237587583877        2.23606797749979                                 5
769         148.53237587583877        2.23606797749979                                 5
770         148.53237587583877        2.23606797749979                                 5
771         148.53237587583877        1.7320508075688772                                 3
772         148.53237587583877        2.23606797749979                                 5
773         146.2579252482693        0.0                                 0
774         146.2579252482693        2.23606797749979                                 5
775         146.2579252482693        2.23606797749979                                 5
776         146.2579252482693        2.23606797749979                                 5
777         146.2579252482693        2.23606797749979                                 5
778         146.2579252482693        2.23606797749979                                 5
779         146.2579252482693        2.23606797749979                                 5
780         146.2579252482693        2.23606797749979                                 5
781         146.2579252482693        2.23606797749979                                 5
782         146.2579252482693        2.23606797749979                                 5
783         146.2579252482693        2.23606797749979                                 5
784         146.2579252482693        2.23606797749979                                 5
785         146.2579252482693        2.23606797749979                                 5
786         146.2174997465718        0.0                                 0
787         146.2174997465718        2.23606797749979                                 5
788         146.2174997465718        2.23606797749979                                 5
789         146.2174997465718        2.23606797749979                                 5
790         146.2174997465718        2.23606797749979                                 5
791         146.2174997465718        2.23606797749979                                 5
792         146.2174997465718        2.23606797749979                                 5
793         146.2174997465718        2.23606797749979                                 5
794         146.2174997465718        2.23606797749979                                 5
795         146.216818579055        0.0                                 0
796         146.216818579055        2.23606797749979                                 5
797         145.227988137765        0.0                                 0
798         145.227988137765        2.23606797749979                                 5
799         145.227988137765        2.23606797749979                                 5
800         145.16394320541212        0.0                                 0
801         145.16394320541212        2.23606797749979                                 5
802         145.16394320541212        2.23606797749979                                 5
803         145.16394320541212        2.23606797749979                                 5
804         145.16394320541212        2.23606797749979                                 5
805         145.16394320541212        2.23606797749979                                 5
806         145.16394320541212        2.23606797749979                                 5
807         145.16394320541212        2.23606797749979                                 5
808         145.16394320541212        2.23606797749979                                 5
809         145.16394320541212        2.23606797749979                                 5
810         145.16394320541212        2.23606797749979                                 5
811         145.16394320541212        2.23606797749979                                 5
812         145.16394320541212        2.23606797749979                                 5
813         145.16394320541212        2.23606797749979                                 5
814         145.16394320541212        2.23606797749979                                 5
815         145.16394320541212        2.23606797749979                                 5
816         145.16394320541212        2.23606797749979                                 5
817         145.16394320541212        2.23606797749979                                 5
818         145.16394320541212        1.7320508075688772                                 3
819         145.16394320541212        2.23606797749979                                 5
820         145.16394320541212        2.23606797749979                                 5
821         143.13449505679418        0.0                                 0
822         143.03481367902936        0.0                                 0
823         143.03481367902936        2.23606797749979                                 5
824         143.03481367902936        2.23606797749979                                 5
825         143.03481367902936        2.23606797749979                                 5
826         143.03481367902936        2.23606797749979                                 5
827         143.03481367902936        2.23606797749979                                 5
828         143.03481367902936        2.23606797749979                                 5
829         143.03481367902936        2.23606797749979                                 5
830         143.03481367902936        2.23606797749979                                 5
831         143.03481367902936        2.23606797749979                                 5
832         139.88690221164717        0.0                                 0
833         139.88690221164717        2.23606797749979                                 5
834         139.88690221164717        2.23606797749979                                 5
835         139.88690221164717        2.23606797749979                                 5
836         138.98744873838658        0.0                                 0
837         138.98744873838658        2.23606797749979                                 5
838         138.687804561414        0.0                                 0
839         138.687804561414        2.23606797749979                                 5
840         138.687804561414        2.23606797749979                                 5
841         138.687804561414        2.23606797749979                                 5
842         138.687804561414        2.23606797749979                                 5
843         138.687804561414        2.23606797749979                                 5
844         138.687804561414        2.23606797749979                                 5
845         138.687804561414        2.23606797749979                                 5
846         138.687804561414        2.23606797749979                                 5
847         138.687804561414        2.23606797749979                                 5
848         138.687804561414        2.23606797749979                                 5
849         138.687804561414        2.23606797749979                                 5
850         138.687804561414        2.23606797749979                                 5
851         138.687804561414        2.23606797749979                                 5
852         138.2347702520725        0.0                                 0
853         138.22991702521787        0.0                                 0
854         138.22991702521787        2.23606797749979                                 5
855         138.22991702521787        2.23606797749979                                 5
856         138.22991702521787        2.23606797749979                                 5
857         138.22991702521787        2.23606797749979                                 5
858         138.22991702521787        2.23606797749979                                 5
859         138.22991702521787        2.23606797749979                                 5
860         138.22991702521787        2.23606797749979                                 5
861         138.22991702521787        2.23606797749979                                 5
862         135.65959769682587        0.0                                 0
863         135.65959769682587        2.23606797749979                                 5
864         135.65959769682587        2.23606797749979                                 5
865         135.65959769682587        2.23606797749979                                 5
866         135.65959769682587        2.23606797749979                                 5
867         135.65959769682587        2.23606797749979                                 5
868         135.65959769682587        2.23606797749979                                 5
869         135.65959769682587        2.23606797749979                                 5
870         135.65959769682587        2.23606797749979                                 5
871         135.65959769682587        2.23606797749979                                 5
872         135.65959769682587        2.23606797749979                                 5
873         135.65959769682587        2.23606797749979                                 5
874         135.65959769682587        2.23606797749979                                 5
875         135.65959769682587        2.23606797749979                                 5
876         135.65959769682587        2.23606797749979                                 5
877         135.65959769682587        2.23606797749979                                 5
878         135.65959769682587        2.23606797749979                                 5
879         135.65959769682587        2.23606797749979                                 5
880         135.65959769682587        2.23606797749979                                 5
881         135.65959769682587        2.23606797749979                                 5
882         135.2673662179958        0.0                                 0
883         135.2673662179958        2.23606797749979                                 5
884         135.2673662179958        2.23606797749979                                 5
885         135.2673662179958        2.23606797749979                                 5
886         135.2673662179958        2.23606797749979                                 5
887         135.2673662179958        2.23606797749979                                 5
888         135.2673662179958        2.23606797749979                                 5
889         135.2673662179958        2.23606797749979                                 5
890         135.2673662179958        2.23606797749979                                 5
891         135.2673662179958        2.23606797749979                                 5
892         135.2673662179958        2.23606797749979                                 5
893         135.2673662179958        2.23606797749979                                 5
894         135.2673662179958        2.23606797749979                                 5
895         135.2673662179958        2.23606797749979                                 5
896         135.2673662179958        2.23606797749979                                 5
897         135.2673662179958        2.23606797749979                                 5
898         135.2673662179958        2.23606797749979                                 5
899         135.2673662179958        2.23606797749979                                 5
900         135.2673662179958        2.23606797749979                                 5
901         135.2673662179958        2.23606797749979                                 5
902         135.2673662179958        2.23606797749979                                 5
903         135.2673662179958        2.23606797749979                                 5
904         135.2673662179958        1.7320508075688772                                 3
905         135.2673662179958        2.23606797749979                                 5
906         135.2673662179958        2.23606797749979                                 5
907         135.2673662179958        2.23606797749979                                 5
908         135.2673662179958        2.23606797749979                                 5
909         135.2673662179958        2.23606797749979                                 5
910         135.2673662179958        2.23606797749979                                 5
911         135.2673662179958        2.23606797749979                                 5
912         135.2673662179958        2.23606797749979                                 5
913         135.2673662179958        2.23606797749979                                 5
914         135.2673662179958        2.23606797749979                                 5
915         135.2673662179958        2.23606797749979                                 5
916         135.2673662179958        2.23606797749979                                 5
917         135.2673662179958        2.23606797749979                                 5
918         135.2673662179958        2.23606797749979                                 5
919         135.2673662179958        2.23606797749979                                 5
920         135.2673662179958        2.23606797749979                                 5
921         135.2673662179958        2.23606797749979                                 5
922         135.2673662179958        2.23606797749979                                 5
923         135.2673662179958        2.23606797749979                                 5
924         135.2673662179958        2.23606797749979                                 5
925         135.2673662179958        2.23606797749979                                 5
926         135.2673662179958        2.23606797749979                                 5
927         135.2673662179958        2.23606797749979                                 5
928         135.25417224839018        0.0                                 0
929         135.25417224839018        2.23606797749979                                 5
930         135.25417224839018        2.23606797749979                                 5
931         135.25417224839018        2.23606797749979                                 5
932         135.25417224839018        2.23606797749979                                 5
933         135.25417224839018        2.23606797749979                                 5
934         135.25417224839018        2.23606797749979                                 5
935         135.25417224839018        2.23606797749979                                 5
936         135.25417224839018        2.23606797749979                                 5
937         135.25417224839018        2.23606797749979                                 5
938         135.25417224839018        2.23606797749979                                 5
939         135.25417224839018        2.23606797749979                                 5
940         135.25417224839018        2.23606797749979                                 5
941         135.25417224839018        2.23606797749979                                 5
942         135.25417224839018        2.23606797749979                                 5
943         135.25417224839018        2.23606797749979                                 5
944         135.25417224839018        2.23606797749979                                 5
945         135.25417224839018        2.23606797749979                                 5
946         135.25417224839018        2.23606797749979                                 5
947         135.25417224839018        2.23606797749979                                 5
948         135.25417224839018        2.23606797749979                                 5
949         135.25417224839018        2.23606797749979                                 5
950         135.25417224839018        2.23606797749979                                 5
951         135.25417224839018        2.23606797749979                                 5
952         135.25417224839018        2.23606797749979                                 5
953         124.01253350369919        0.0                                 0
954         124.01253350369919        2.23606797749979                                 5
955         124.01253350369919        2.23606797749979                                 5
956         122.24183425315313        0.0                                 0
957         122.24183425315313        2.23606797749979                                 5
958         122.24183425315313        2.23606797749979                                 5
959         122.24183425315313        2.23606797749979                                 5
960         122.24183425315313        1.7320508075688772                                 3
961         122.24183425315313        2.23606797749979                                 5
962         122.24183425315313        2.23606797749979                                 5
963         122.24183425315313        2.23606797749979                                 5
964         122.24183425315313        2.23606797749979                                 5
965         122.24183425315313        1.7320508075688772                                 3
966         122.24183425315313        2.23606797749979                                 5
967         122.24183425315313        2.23606797749979                                 5
968         122.24183425315313        2.23606797749979                                 5
969         122.24183425315313        2.23606797749979                                 5
970         122.24183425315313        2.23606797749979                                 5
971         122.24183425315313        1.7320508075688772                                 3
972         122.24183425315313        2.23606797749979                                 5
973         122.24183425315313        2.23606797749979                                 5
974         122.24183425315313        2.23606797749979                                 5
975         122.24183425315313        2.23606797749979                                 5
976         122.24183425315313        2.23606797749979                                 5
977         122.24183425315313        2.23606797749979                                 5
978         120.93564682960002        0.0                                 0
979         120.92578128710592        0.0                                 0
980         120.92578128710592        2.23606797749979                                 5
981         120.92578128710592        2.23606797749979                                 5
982         120.92578128710592        2.23606797749979                                 5
983         120.92578128710592        2.23606797749979                                 5
984         120.92578128710592        2.23606797749979                                 5
985         120.92578128710592        2.23606797749979                                 5
986         120.90755451720185        0.0                                 0
987         120.90755451720185        2.23606797749979                                 5
988         120.90755451720185        2.23606797749979                                 5
989         120.90755451720185        2.23606797749979                                 5
990         120.90755451720185        2.23606797749979                                 5
991         120.90755451720185        2.23606797749979                                 5
992         120.90755451720185        2.23606797749979                                 5
993         120.90755451720185        2.23606797749979                                 5
994         120.90755451720185        2.23606797749979                                 5
995         120.90755451720185        1.7320508075688772                                 3
996         120.90755451720185        2.23606797749979                                 5
997         120.42688286412027        0.0                                 0
998         120.42688286412027        2.23606797749979                                 5
999         120.42688286412027        2.23606797749979                                 5
// Funcion: rosenbrock Enfriamiento: exponencial Semilla: 1496650051