iteracion  mejor_solucion    distancia_euclidiana                 distancia_hamming
0         3416.5865995648896        0.0                                 0
1         3416.5865995648896        0.0                                 0
2         3417.476281983859        0.0                                 0
3         3413.1649358005598        0.0                                 0
4         3413.1649358005598        0.0                                 0
5         3417.6725758266707        0.0                                 0
6         3644.093442833168        0.0                                 0
7         3463.113559662846        0.0                                 0
8         3463.113559662846        0.0                                 0
9         3509.534747512876        2.23606797749979                                 5
10         3509.534747512876        0.0                                 0
11         3589.6751761048185        0.0                                 0
12         3698.4759060741044        0.0                                 0
13         3069.838529603908        0.0                                 0
14         3069.838529603908        0.0                                 0
15         3211.2072200820126        0.0                                 0
16         3085.046164594331        0.0                                 0
17         3084.8307501763543        0.0                                 0
18         3082.708795929342        0.0                                 0
19         3081.378725840449        0.0                                 0
20         3076.4517982690436        0.0                                 0
21         3042.6723883334284        0.0                                 0
22         3042.6723883334284        2.23606797749979                                 5
23         2990.2086996250982        0.0                                 0
24         2978.906114915947        0.0                                 0
25         2032.6430762822968        0.0                                 0
26         2032.6430762822968        0.0                                 0
27         2056.193330828388        0.0                                 0
28         2056.193330828388        0.0                                 0
29         2079.79184602918        0.0                                 0
30         2088.7618841240765        0.0                                 0
31         2143.088579829909        0.0                                 0
32         2143.088579829909        0.0                                 0
33         2452.1938939494744        0.0                                 0
34         2451.585745029761        0.0                                 0
35         2451.585745029761        2.23606797749979                                 5
36         2397.1151920731236        0.0                                 0
37         2397.1151920731236        2.23606797749979                                 5
38         2397.1151920731236        2.23606797749979                                 5
39         2397.1151920731236        0.0                                 0
40         2442.0625191338686        0.0                                 0
41         2221.4166696756643        0.0                                 0
42         2221.4166696756643        2.23606797749979                                 5
43         2200.3353803365753        0.0                                 0
44         2200.3353803365753        2.23606797749979                                 5
45         2200.3353803365753        0.0                                 0
46         2387.1125992737725        0.0                                 0
47         2380.7570110026        0.0                                 0
48         2380.7570110026        1.7320508075688772                                 3
49         2380.7570110026        0.0                                 0
50         2380.339385209729        0.0                                 0
51         2378.6728916471543        0.0                                 0
52         2378.6728916471543        0.0                                 0
53         2391.971589670014        2.23606797749979                                 5
54         2134.0649488214617        0.0                                 0
55         1806.325225329096        0.0                                 0
56         1806.325225329096        2.23606797749979                                 5
57         1799.9577479903614        0.0                                 0
58         1799.9577479903614        2.23606797749979                                 5
59         1799.9577479903614        2.23606797749979                                 5
60         1799.9577479903614        0.0                                 0
61         1799.9701246867946        0.0                                 0
62         1712.657003783457        0.0                                 0
63         1679.1877578413807        0.0                                 0
64         1658.2395286629599        0.0                                 0
65         1655.541250317654        0.0                                 0
66         1655.541250317654        2.23606797749979                                 5
67         1603.53247058728        0.0                                 0
68         1603.53247058728        2.23606797749979                                 5
69         1603.53247058728        0.0                                 0
70         1617.098181564276        0.0                                 0
71         1620.043743873607        2.23606797749979                                 5
72         1620.043743873607        2.23606797749979                                 5
73         1619.515892580757        0.0                                 0
74         1576.7771610594928        0.0                                 0
75         1576.7771610594928        2.23606797749979                                 5
76         1576.7771610594928        2.23606797749979                                 5
77         1576.7771610594928        2.23606797749979                                 5
78         1568.2984667810783        0.0                                 0
79         1568.2984667810783        0.0                                 0
80         1568.5141106058222        0.0                                 0
81         1466.1007459396887        0.0                                 0
82         1428.420754132942        0.0                                 0
83         1279.4340181738557        0.0                                 0
84         1279.3354762858735        0.0                                 0
85         1167.5567796733128        0.0                                 0
86         819.3698265366063        0.0                                 0
87         764.1196119568692        0.0                                 0
88         758.5375146596709        0.0                                 0
89         758.5375146596709        2.23606797749979                                 5
90         751.2718090127435        0.0                                 0
91         751.2718090127435        0.0                                 0
92         754.305209157376        0.0                                 0
93         754.305209157376        0.0                                 0
94         762.2764794139055        0.0                                 0
95         762.2764794139055        2.23606797749979                                 5
96         762.2764794139055        0.0                                 0
97         762.4679651783601        0.0                                 0
98         764.6851801671465        1.7320508075688772                                 3
99         763.6062088099332        0.0                                 0
100         763.6062088099332        2.23606797749979                                 5
101         742.4594110038137        0.0                                 0
102         742.4594110038137        2.23606797749979                                 5
103         742.4594110038137        2.23606797749979                                 5
104         742.4594110038137        0.0                                 0
105         744.2029572951931        2.23606797749979                                 5
106         737.4961643768578        0.0                                 0
107         737.4961643768578        2.23606797749979                                 5
108         737.4961643768578        2.23606797749979                                 5
109         737.4961643768578        2.23606797749979                                 5
110         724.9027407733716        0.0                                 0
111         684.3773843241809        0.0                                 0
112         684.3773843241809        0.0                                 0
113         684.9784015173543        2.23606797749979                                 5
114         680.1193988144464        0.0                                 0
115         680.1193988144464        2.23606797749979                                 5
116         680.1193988144464        2.23606797749979                                 5
117         680.1193988144464        0.0                                 0
118         679.8520455325258        0.0                                 0
119         679.8498002940561        0.0                                 0
120         679.8498002940561        0.0                                 0
121         679.8348822706616        0.0                                 0
122         679.8348822706616        2.23606797749979                                 5
123         679.8348822706616        2.23606797749979                                 5
124         679.8348822706616        0.0                                 0
125         680.0598494286722        2.23606797749979                                 5
126         680.0598494286722        0.0                                 0
127         680.249983477974        0.0                                 0
128         677.5733141519071        0.0                                 0
129         677.5733141519071        2.23606797749979                                 5
130         645.3945219461075        0.0                                 0
131         645.3945219461075        0.0                                 0
132         645.4918764329789        2.23606797749979                                 5
133         645.3464647295816        0.0                                 0
134         645.3464647295816        2.23606797749979                                 5
135         640.237802609226        0.0                                 0
136         638.7016224688339        0.0                                 0
137         638.7016224688339        0.0                                 0
138         639.4102621104        2.23606797749979                                 5
139         637.8161874823966        0.0                                 0
140         637.8161874823966        2.23606797749979                                 5
141         637.8161874823966        0.0                                 0
142         638.6655953770902        2.23606797749979                                 5
143         638.6655953770902        2.23606797749979                                 5
144         638.6655953770902        2.23606797749979                                 5
145         638.6655953770902        0.0                                 0
146         638.6884715933231        2.23606797749979                                 5
147         638.6884715933231        2.23606797749979                                 5
148         638.6884715933231        2.23606797749979                                 5
149         638.6884715933231        2.23606797749979                                 5
150         437.456976786016        0.0                                 0
151         437.456976786016        2.23606797749979                                 5
152         437.456976786016        2.23606797749979                                 5
153         437.456976786016        2.23606797749979                                 5
154         433.9355687251601        0.0                                 0
155         433.8505314682216        0.0                                 0
156         433.8505314682216        2.23606797749979                                 5
157         433.8505314682216        2.23606797749979                                 5
158         433.8505314682216        0.0                                 0
159         434.01252988278355        2.23606797749979                                 5
160         434.01252988278355        2.23606797749979                                 5
161         434.01252988278355        2.23606797749979                                 5
162         434.01252988278355        2.23606797749979                                 5
163         434.01252988278355        2.23606797749979                                 5
164         434.01252988278355        2.23606797749979                                 5
165         434.01252988278355        2.23606797749979                                 5
166         431.4376111046829        0.0                                 0
167         431.4376111046829        2.23606797749979                                 5
168         431.4270955916911        0.0                                 0
169         431.4270955916911        2.23606797749979                                 5
170         431.4039321639891        0.0                                 0
171         431.4039321639891        2.23606797749979                                 5
172         431.4039321639891        0.0                                 0
173         431.4743259393473        2.23606797749979                                 5
174         431.4743259393473        2.23606797749979                                 5
175         422.1006371128784        0.0                                 0
176         422.1006371128784        2.23606797749979                                 5
177         422.1006371128784        2.23606797749979                                 5
178         422.1006371128784        2.23606797749979                                 5
179         422.1006371128784        2.23606797749979                                 5
180         422.1006371128784        2.23606797749979                                 5
181         398.8577656518613        0.0                                 0
182         398.8577656518613        2.23606797749979                                 5
183         398.8577656518613        2.23606797749979                                 5
184         398.11453639478145        0.0                                 0
185         398.11453639478145        2.23606797749979                                 5
186         398.11453639478145        2.23606797749979                                 5
187         398.11453639478145        2.23606797749979                                 5
188         398.11453639478145        2.23606797749979                                 5
189         398.11453639478145        2.23606797749979                                 5
190         398.11453639478145        2.23606797749979                                 5
191         398.11453639478145        2.23606797749979                                 5
192         398.11453639478145        2.23606797749979                                 5
193         398.11453639478145        2.23606797749979                                 5
194         398.11453639478145        0.0                                 0
195         398.1414088545983        1.7320508075688772                                 3
196         398.1414088545983        2.23606797749979                                 5
197         398.1414088545983        2.23606797749979                                 5
198         398.1414088545983        2.23606797749979                                 5
199         398.1414088545983        2.23606797749979                                 5
200         398.1414088545983        2.23606797749979                                 5
201         398.1414088545983        2.23606797749979                                 5
202         398.1414088545983        2.23606797749979                                 5
203         398.1414088545983        2.23606797749979                                 5
204         396.5230558834535        0.0                                 0
205         396.02094892126286        0.0                                 0
206         396.01957402243573        0.0                                 0
207         396.01957402243573        2.23606797749979                                 5
208         396.01957402243573        2.23606797749979                                 5
209         396.01957402243573        2.23606797749979                                 5
210         395.66714026676703        0.0                                 0
211         395.6535975617663        0.0                                 0
212         395.6535975617663        2.23606797749979                                 5
213         383.1206110896029        0.0                                 0
214         383.1206110896029        1.7320508075688772                                 3
215         383.1206110896029        2.23606797749979                                 5
216         383.1206110896029        2.23606797749979                                 5
217         383.1206110896029        2.23606797749979                                 5
218         383.1206110896029        2.23606797749979                                 5
219         383.1206110896029        2.23606797749979                                 5
220         383.1206110896029        2.23606797749979                                 5
221         383.1206110896029        2.23606797749979                                 5
222         383.1206110896029        2.23606797749979                                 5
223         383.1206110896029        2.23606797749979                                 5
224         383.1206110896029        2.23606797749979                                 5
225         383.1206110896029        2.23606797749979                                 5
226         382.56415305943915        0.0                                 0
227         382.56415305943915        2.23606797749979                                 5
228         382.56415305943915        2.23606797749979                                 5
229         382.56415305943915        2.23606797749979                                 5
230         382.56415305943915        2.23606797749979                                 5
231         382.56415305943915        2.23606797749979                                 5
232         382.56415305943915        2.23606797749979                                 5
233         377.0676454974896        0.0                                 0
234         377.0676454974896        2.23606797749979                                 5
235         376.9655654664916        0.0                                 0
236         371.7068295342507        0.0                                 0
237         371.7068295342507        2.23606797749979                                 5
238         371.7068295342507        2.23606797749979                                 5
239         368.99684878926183        0.0                                 0
240         368.99684878926183        2.23606797749979                                 5
241         368.99684878926183        2.23606797749979                                 5
242         368.99489490654196        0.0                                 0
243         368.99489490654196        2.23606797749979                                 5
244         368.5120129808622        0.0                                 0
245         368.4989414859813        0.0                                 0
246         358.75765597206964        0.0                                 0
247         358.75765597206964        2.23606797749979                                 5
248         358.75765597206964        2.23606797749979                                 5
249         358.75765597206964        2.23606797749979                                 5
250         358.75765597206964        2.23606797749979                                 5
251         358.75765597206964        2.23606797749979                                 5
252         358.75765597206964        2.23606797749979                                 5
253         358.75765597206964        2.23606797749979                                 5
254         349.7153534028479        0.0                                 0
255         349.7153534028479        2.23606797749979                                 5
256         349.7153534028479        2.23606797749979                                 5
257         349.7153534028479        2.23606797749979                                 5
258         349.7153534028479        2.23606797749979                                 5
259         349.43292139519        0.0                                 0
260         349.43292139519        2.23606797749979                                 5
261         349.43292139519        2.23606797749979                                 5
262         349.43292139519        2.23606797749979                                 5
263         349.4316403228301        0.0                                 0
264         349.4316403228301        2.23606797749979                                 5
265         349.4316403228301        2.23606797749979                                 5
266         343.2656481625716        0.0                                 0
267         343.2656481625716        2.23606797749979                                 5
268         343.2656481625716        2.23606797749979                                 5
269         343.2656481625716        2.23606797749979                                 5
270         342.75367724425246        0.0                                 0
271         342.75367724425246        2.23606797749979                                 5
272         342.75367724425246        2.23606797749979                                 5
273         342.75367724425246        2.23606797749979                                 5
274         342.75367724425246        2.23606797749979                                 5
275         342.7128675435328        0.0                                 0
276         342.7128675435328        2.23606797749979                                 5
277         342.7128675435328        2.23606797749979                                 5
278         307.67199261421115        0.0                                 0
279         307.67199261421115        2.23606797749979                                 5
280         307.67199261421115        2.23606797749979                                 5
281         307.67199261421115        2.23606797749979                                 5
282         268.8160996686168        0.0                                 0
283         268.8160996686168        2.23606797749979                                 5
284         268.8160996686168        2.23606797749979                                 5
285         268.8160996686168        2.23606797749979                                 5
286         268.8160996686168        2.23606797749979                                 5
287         268.8160996686168        2.23606797749979                                 5
288         268.8160996686168        2.23606797749979                                 5
289         257.90070148048306        0.0                                 0
290         257.90070148048306        2.23606797749979                                 5
291         257.90070148048306        2.23606797749979                                 5
292         257.90070148048306        2.23606797749979                                 5
293         257.90070148048306        2.23606797749979                                 5
294         254.75768361560463        0.0                                 0
295         254.75768361560463        2.23606797749979                                 5
296         254.75768361560463        2.23606797749979                                 5
297         254.75768361560463        2.23606797749979                                 5
298         254.75768361560463        1.7320508075688772                                 3
299         254.75768361560463        2.23606797749979                                 5
300         253.49584536638463        0.0                                 0
301         253.49584536638463        2.23606797749979                                 5
302         253.49584536638463        2.23606797749979                                 5
303         252.79568190243984        0.0                                 0
304         252.69827690559472        0.0                                 0
305         252.69827690559472        2.23606797749979                                 5
306         252.69827690559472        2.23606797749979                                 5
307         252.69827690559472        2.23606797749979                                 5
308         252.69827690559472        2.23606797749979                                 5
309         252.69827690559472        2.23606797749979                                 5
310         252.69827690559472        2.23606797749979                                 5
311         252.69827690559472        2.23606797749979                                 5
312         252.69827690559472        2.23606797749979                                 5
313         252.69827690559472        2.23606797749979                                 5
314         252.5620771786232        0.0                                 0
315         252.5620771786232        2.23606797749979                                 5
316         252.2876090760976        0.0                                 0
317         252.2876090760976        2.23606797749979                                 5
318         252.2876090760976        2.23606797749979                                 5
319         252.2876090760976        2.23606797749979                                 5
320         233.9175291576765        0.0                                 0
321         233.9175291576765        2.23606797749979                                 5
322         233.9175291576765        2.23606797749979                                 5
323         233.9175291576765        2.23606797749979                                 5
324         232.97092681204145        0.0                                 0
325         232.91949320490153        0.0                                 0
326         232.91949320490153        2.23606797749979                                 5
327         232.91949320490153        2.23606797749979                                 5
328         231.457821050125        0.0                                 0
329         231.457821050125        2.23606797749979                                 5
330         231.457821050125        2.23606797749979                                 5
331         231.457821050125        2.23606797749979                                 5
332         231.13876403487782        0.0                                 0
333         231.13876403487782        2.23606797749979                                 5
334         231.13876403487782        2.23606797749979                                 5
335         231.13876403487782        2.23606797749979                                 5
336         231.13876403487782        2.23606797749979                                 5
337         229.72072405739598        0.0                                 0
338         229.72072405739598        2.23606797749979                                 5
339         229.72072405739598        2.23606797749979                                 5
340         229.72072405739598        2.23606797749979                                 5
341         229.72072405739598        2.23606797749979                                 5
342         229.72072405739598        2.23606797749979                                 5
343         229.72072405739598        2.23606797749979                                 5
344         228.82316679399074        0.0                                 0
345         228.82316679399074        2.23606797749979                                 5
346         228.82316679399074        2.23606797749979                                 5
347         228.82316679399074        2.23606797749979                                 5
348         228.82316679399074        2.23606797749979                                 5
349         228.82316679399074        2.23606797749979                                 5
350         228.58009335291771        0.0                                 0
351         228.58009335291771        2.23606797749979                                 5
352         228.58009335291771        2.23606797749979                                 5
353         228.58009335291771        2.23606797749979                                 5
354         228.576585022549        0.0                                 0
355         228.576585022549        2.23606797749979                                 5
356         228.576585022549        2.23606797749979                                 5
357         228.576585022549        2.23606797749979                                 5
358         228.576585022549        2.23606797749979                                 5
359         228.576585022549        2.23606797749979                                 5
360         228.576585022549        2.23606797749979                                 5
361         228.576585022549        2.23606797749979                                 5
362         228.576585022549        2.23606797749979                                 5
363         228.576585022549        2.23606797749979                                 5
364         228.576585022549        2.23606797749979                                 5
365         228.576585022549        2.23606797749979                                 5
366         228.576585022549        2.23606797749979                                 5
367         228.576585022549        2.23606797749979                                 5
368         228.576585022549        2.23606797749979                                 5
369         228.576585022549        2.23606797749979                                 5
370         228.576585022549        2.23606797749979                                 5
371         222.85525165837785        0.0                                 0
372         222.85525165837785        2.23606797749979                                 5
373         222.85525165837785        2.23606797749979                                 5
374         222.85525165837785        2.23606797749979                                 5
375         222.85525165837785        2.23606797749979                                 5
376         222.85525165837785        2.23606797749979                                 5
377         222.47212646864241        0.0                                 0
378         222.47212646864241        2.23606797749979                                 5
379         222.45204962324098        0.0                                 0
380         216.68269776509626        0.0                                 0
381         216.68269776509626        2.23606797749979                                 5
382         216.68269776509626        2.23606797749979                                 5
383         216.68269776509626        2.23606797749979                                 5
384         216.68269776509626        2.23606797749979                                 5
385         216.68269776509626        2.23606797749979                                 5
386         216.68269776509626        2.23606797749979                                 5
387         216.68269776509626        2.23606797749979                                 5
388         216.68269776509626        2.23606797749979                                 5
389         216.68269776509626        2.23606797749979                                 5
390         216.68269776509626        2.23606797749979                                 5
391         215.48106044013676        0.0                                 0
392         215.48106044013676        2.23606797749979                                 5
393         215.47942537883992        0.0                                 0
394         144.75677946971305        0.0                                 0
395         144.7470194958695        0.0                                 0
396         144.7470194958695        2.23606797749979                                 5
397         144.7470194958695        2.23606797749979                                 5
398         144.7470194958695        2.23606797749979                                 5
399         144.7470194958695        2.23606797749979                                 5
400         144.7470194958695        2.23606797749979                                 5
401         144.7470194958695        2.23606797749979                                 5
402         144.7470194958695        2.23606797749979                                 5
403         144.7470194958695        2.23606797749979                                 5
404         144.7470194958695        2.23606797749979                                 5
405         144.7470194958695        2.23606797749979                                 5
406         144.5962942621258        0.0                                 0
407         144.5962942621258        2.23606797749979                                 5
408         144.5962942621258        2.23606797749979                                 5
409         144.5962942621258        2.23606797749979                                 5
410         144.5962942621258        2.23606797749979                                 5
411         144.5962942621258        2.23606797749979                                 5
412         144.5962942621258        2.23606797749979                                 5
413         144.5962942621258        2.23606797749979                                 5
414         144.53273467633545        0.0                                 0
415         144.53273467633545        2.23606797749979                                 5
416         144.53273467633545        2.23606797749979                                 5
417         144.53273467633545        2.23606797749979                                 5
418         144.53273467633545        2.23606797749979                                 5
419         144.53273467633545        2.23606797749979                                 5
420         144.53273467633545        1.7320508075688772                                 3
421         144.53273467633545        2.23606797749979                                 5
422         144.53273467633545        2.23606797749979                                 5
423         144.53273467633545        2.23606797749979                                 5
424         144.53273467633545        2.23606797749979                                 5
425         144.53273467633545        2.23606797749979                                 5
426         144.53273467633545        2.23606797749979                                 5
427         144.53273467633545        2.23606797749979                                 5
428         144.53273467633545        2.23606797749979                                 5
429         144.53273467633545        2.23606797749979                                 5
430         144.53273467633545        2.23606797749979                                 5
431         144.53273467633545        2.23606797749979                                 5
432         144.53273467633545        2.23606797749979                                 5
433         144.53273467633545        2.23606797749979                                 5
434         144.53273467633545        2.23606797749979                                 5
435         144.53273467633545        2.23606797749979                                 5
436         144.53273467633545        2.23606797749979                                 5
437         144.4260203957244        0.0                                 0
438         144.4260203957244        2.23606797749979                                 5
439         142.44119235014733        0.0                                 0
440         142.44119235014733        2.23606797749979                                 5
441         142.44119235014733        2.23606797749979                                 5
442         142.44119235014733        2.23606797749979                                 5
443         142.44119235014733        2.23606797749979                                 5
444         142.44119235014733        2.23606797749979                                 5
445         141.94678425225334        0.0                                 0
446         141.94678425225334        2.23606797749979                                 5
447         141.94678425225334        2.23606797749979                                 5
448         141.94678425225334        2.23606797749979                                 5
449         141.94678425225334        2.23606797749979                                 5
450         141.94678425225334        2.23606797749979                                 5
451         141.94678425225334        1.7320508075688772                                 3
452         141.94678425225334        2.23606797749979                                 5
453         141.94678425225334        2.23606797749979                                 5
454         141.94678425225334        2.23606797749979                                 5
455         141.94678425225334        2.23606797749979                                 5
456         141.94678425225334        2.23606797749979                                 5
457         141.94678425225334        2.23606797749979                                 5
458         141.94678425225334        2.23606797749979                                 5
459         141.94678425225334        2.23606797749979                                 5
460         141.94678425225334        2.23606797749979                                 5
461         141.94678425225334        2.23606797749979                                 5
462         141.94678425225334        2.23606797749979                                 5
463         141.94678425225334        2.23606797749979                                 5
464         141.94678425225334        2.23606797749979                                 5
465         141.94678425225334        2.23606797749979                                 5
466         141.94678425225334        2.23606797749979                                 5
467         141.94678425225334        2.23606797749979                                 5
468         141.94678425225334        2.23606797749979                                 5
469         141.94678425225334        2.23606797749979                                 5
470         141.94678425225334        2.23606797749979                                 5
471         141.94678425225334        2.23606797749979                                 5
472         141.94678425225334        2.23606797749979                                 5
473         141.8963058124017        0.0                                 0
474         141.8963058124017        2.23606797749979                                 5
475         141.8963058124017        2.23606797749979                                 5
476         141.8963058124017        2.23606797749979                                 5
477         141.8963058124017        2.23606797749979                                 5
478         141.8963058124017        2.23606797749979                                 5
479         141.8963058124017        2.23606797749979                                 5
480         141.8963058124017        2.23606797749979                                 5
481         141.8963058124017        2.23606797749979                                 5
482         141.8963058124017        2.23606797749979                                 5
483         141.8963058124017        2.23606797749979                                 5
484         141.8963058124017        2.23606797749979                                 5
485         141.8963058124017        2.23606797749979                                 5
486         141.8963058124017        2.23606797749979                                 5
487         141.8963058124017        2.23606797749979                                 5
488         141.8963058124017        2.23606797749979                                 5
489         141.8963058124017        2.23606797749979                                 5
490         106.26015504622906        0.0                                 0
491         105.79543273021292        0.0                                 0
492         105.79543273021292        2.23606797749979                                 5
493         105.79543273021292        2.23606797749979                                 5
494         105.79543273021292        2.23606797749979                                 5
495         105.79543273021292        2.23606797749979                                 5
496         105.79543273021292        2.23606797749979                                 5
497         105.79543273021292        2.23606797749979                                 5
498         105.79543273021292        2.23606797749979                                 5
499         105.79543273021292        2.23606797749979                                 5
500         105.79543273021292        2.23606797749979                                 5
501         105.79543273021292        2.23606797749979                                 5
502         105.79543273021292        2.23606797749979                                 5
503         105.79543273021292        2.23606797749979                                 5
504         105.79543273021292        2.23606797749979                                 5
505         105.6447946459381        0.0                                 0
506         105.6447946459381        2.23606797749979                                 5
507         105.6447946459381        2.23606797749979                                 5
508         105.6447946459381        2.23606797749979                                 5
509         105.6447946459381        2.23606797749979                                 5
510         105.6447946459381        2.23606797749979                                 5
511         105.6447946459381        2.23606797749979                                 5
512         105.6447946459381        2.23606797749979                                 5
513         105.60636652504019        0.0                                 0
514         105.60636652504019        2.23606797749979                                 5
515         105.60636652504019        2.23606797749979                                 5
516         105.60636652504019        2.23606797749979                                 5
517         105.60636652504019        2.23606797749979                                 5
518         105.60636652504019        2.23606797749979                                 5
519         105.60636652504019        2.23606797749979                                 5
520         105.60636652504019        2.23606797749979                                 5
521         105.60636652504019        2.23606797749979                                 5
522         105.60636652504019        2.23606797749979                                 5
523         105.60636652504019        2.23606797749979                                 5
524         105.60636652504019        2.23606797749979                                 5
525         105.60636652504019        2.23606797749979                                 5
526         105.60636652504019        1.7320508075688772                                 3
527         105.60636652504019        2.23606797749979                                 5
528         105.60636652504019        2.23606797749979                                 5
529         105.60636652504019        2.23606797749979                                 5
530         105.60636652504019        2.23606797749979                                 5
531         105.60636652504019        2.23606797749979                                 5
532         105.60636652504019        2.23606797749979                                 5
533         105.60636652504019        2.23606797749979                                 5
534         105.60636652504019        2.23606797749979                                 5
535         105.60636652504019        2.23606797749979                                 5
536         105.60636652504019        2.23606797749979                                 5
537         105.60636652504019        2.23606797749979                                 5
538         105.60636652504019        2.23606797749979                                 5
539         105.60636652504019        2.23606797749979                                 5
540         105.60636652504019        2.23606797749979                                 5
541         105.60636652504019        2.23606797749979                                 5
542         105.60636652504019        2.23606797749979                                 5
543         105.60636652504019        2.23606797749979                                 5
544         105.60636652504019        2.23606797749979                                 5
545         105.60636652504019        2.23606797749979                                 5
546         105.60636652504019        2.23606797749979                                 5
547         105.60636652504019        1.7320508075688772                                 3
548         105.60636652504019        2.23606797749979                                 5
549         105.60636652504019        2.23606797749979                                 5
550         105.60636652504019        2.23606797749979                                 5
551         105.60636652504019        2.23606797749979                                 5
552         105.60636652504019        2.23606797749979                                 5
553         105.60636652504019        2.23606797749979                                 5
554         105.60636652504019        2.23606797749979                                 5
555         105.60636652504019        2.23606797749979                                 5
556         105.60636652504019        2.23606797749979                                 5
557         105.60636652504019        2.23606797749979                                 5
558         105.60636652504019        2.23606797749979                                 5
559         105.59066193883446        0.0                                 0
560         105.59066193883446        2.23606797749979                                 5
561         105.59066193883446        2.23606797749979                                 5
562         105.59066193883446        2.23606797749979                                 5
563         105.59066193883446        2.23606797749979                                 5
564         105.59066193883446        2.23606797749979                                 5
565         105.59066193883446        2.23606797749979                                 5
566         105.59066193883446        2.23606797749979                                 5
567         105.59066193883446        2.23606797749979                                 5
568         105.24516393491915        0.0                                 0
569         105.24516393491915        2.23606797749979                                 5
570         105.24516393491915        2.23606797749979                                 5
571         105.24516393491915        2.23606797749979                                 5
572         104.9978848439856        0.0                                 0
573         104.9978848439856        2.23606797749979                                 5
574         104.9978848439856        2.23606797749979                                 5
575         104.9978848439856        2.23606797749979                                 5
576         104.9978848439856        2.23606797749979                                 5
577         104.9978848439856        2.23606797749979                                 5
578         104.9896992591143        0.0                                 0
579         104.9896992591143        2.23606797749979                                 5
580         104.9896992591143        2.23606797749979                                 5
581         104.9896992591143        2.23606797749979                                 5
582         104.9896992591143        2.23606797749979                                 5
583         104.9896992591143        2.23606797749979                                 5
584         104.9896992591143        2.23606797749979                                 5
585         104.9896992591143        2.23606797749979                                 5
586         104.9896992591143        2.23606797749979                                 5
587         104.9896992591143        2.23606797749979                                 5
588         104.9896992591143        2.23606797749979                                 5
589         104.9879225684367        0.0                                 0
590         104.9879225684367        2.23606797749979                                 5
591         104.9879225684367        2.23606797749979                                 5
592         104.9879225684367        2.23606797749979                                 5
593         104.9879225684367        2.23606797749979                                 5
594         104.9879225684367        2.23606797749979                                 5
595         104.9879225684367        2.23606797749979                                 5
596         104.9879225684367        2.23606797749979                                 5
597         104.9879225684367        2.23606797749979                                 5
598         104.9879225684367        2.23606797749979                                 5
599         104.9879225684367        2.23606797749979                                 5
600         104.9879225684367        2.23606797749979                                 5
601         104.9879225684367        2.23606797749979                                 5
602         104.9879225684367        2.23606797749979                                 5
603         104.9879225684367        2.23606797749979                                 5
604         104.9879225684367        2.23606797749979                                 5
605         104.9879225684367        2.23606797749979                                 5
606         104.9879225684367        2.23606797749979                                 5
607         104.9879225684367        2.23606797749979                                 5
608         104.26567060198234        0.0                                 0
609         104.26567060198234        2.23606797749979                                 5
610         104.26567060198234        2.23606797749979                                 5
611         104.26567060198234        2.23606797749979                                 5
612         104.26567060198234        2.23606797749979                                 5
613         104.26567060198234        2.23606797749979                                 5
614         104.26567060198234        2.23606797749979                                 5
615         103.08484215925806        0.0                                 0
616         103.08484215925806        2.23606797749979                                 5
617         103.08484215925806        2.23606797749979                                 5
618         103.08484215925806        2.23606797749979                                 5
619         103.08484215925806        2.23606797749979                                 5
620         103.08484215925806        2.23606797749979                                 5
621         103.08484215925806        2.23606797749979                                 5
622         103.08484215925806        2.23606797749979                                 5
623         103.08484215925806        1.7320508075688772                                 3
624         103.08484215925806        2.23606797749979                                 5
625         103.08484215925806        2.23606797749979                                 5
626         103.08445914371207        0.0                                 0
627         103.08445914371207        2.23606797749979                                 5
628         103.08445914371207        2.23606797749979                                 5
629         103.08445914371207        2.23606797749979                                 5
630         103.08445914371207        2.23606797749979                                 5
631         103.08445914371207        2.23606797749979                                 5
632         103.08445914371207        2.23606797749979                                 5
633         103.08445914371207        2.23606797749979                                 5
634         103.08445914371207        2.23606797749979                                 5
635         103.08445914371207        2.23606797749979                                 5
636         103.08445914371207        2.23606797749979                                 5
637         103.08445914371207        2.23606797749979                                 5
638         103.08445914371207        2.23606797749979                                 5
639         103.08445914371207        2.23606797749979                                 5
640         103.08445914371207        1.7320508075688772                                 3
641         103.08445914371207        2.23606797749979                                 5
642         102.991685153697        0.0                                 0
643         102.99158389619464        0.0                                 0
644         102.99158389619464        2.23606797749979                                 5
645         102.99158389619464        2.23606797749979                                 5
646         102.99158389619464        2.23606797749979                                 5
647         102.99158389619464        2.23606797749979                                 5
648         102.99158389619464        2.23606797749979                                 5
649         97.6892807774938        0.0                                 0
650         97.6892807774938        2.23606797749979                                 5
651         97.6892807774938        2.23606797749979                                 5
652         97.6892807774938        2.23606797749979                                 5
653         97.6892807774938        2.23606797749979                                 5
654         97.6892807774938        2.23606797749979                                 5
655         97.6892807774938        2.23606797749979                                 5
656         97.6892807774938        2.23606797749979                                 5
657         97.6892807774938        2.23606797749979                                 5
658         97.6892807774938        2.23606797749979                                 5
659         97.6892807774938        2.23606797749979                                 5
660         97.6892807774938        2.23606797749979                                 5
661         97.01255449161879        0.0                                 0
662         97.01255449161879        2.23606797749979                                 5
663         97.01255449161879        2.23606797749979                                 5
664         97.01255449161879        2.23606797749979                                 5
665         97.01255449161879        2.23606797749979                                 5
666         97.01255449161879        2.23606797749979                                 5
667         97.01255449161879        2.23606797749979                                 5
668         97.01255449161879        2.23606797749979                                 5
669         97.01255449161879        2.23606797749979                                 5
670         97.01255449161879        2.23606797749979                                 5
671         97.01255449161879        2.23606797749979                                 5
672         97.01255449161879        2.23606797749979                                 5
673         97.01255449161879        2.23606797749979                                 5
674         97.01255449161879        2.23606797749979                                 5
675         96.74453748111596        0.0                                 0
676         96.74453748111596        2.23606797749979                                 5
677         96.74453748111596        2.23606797749979                                 5
678         96.74453748111596        2.23606797749979                                 5
679         96.74453748111596        2.23606797749979                                 5
680         96.74453748111596        2.23606797749979                                 5
681         96.4159712567947        0.0                                 0
682         96.4159712567947        2.23606797749979                                 5
683         96.4159712567947        2.23606797749979                                 5
684         96.4159712567947        2.23606797749979                                 5
685         96.4159712567947        2.23606797749979                                 5
686         96.4159712567947        2.23606797749979                                 5
687         96.40270200098321        0.0                                 0
688         96.40270200098321        2.23606797749979                                 5
689         96.40204827362311        0.0                                 0
690         96.40204827362311        2.23606797749979                                 5
691         96.40204827362311        2.23606797749979                                 5
692         96.32475686766031        0.0                                 0
693         96.32475686766031        2.23606797749979                                 5
694         96.32475686766031        2.23606797749979                                 5
695         96.32475686766031        2.23606797749979                                 5
696         96.32475686766031        2.23606797749979                                 5
697         96.32475686766031        2.23606797749979                                 5
698         96.32475686766031        2.23606797749979                                 5
699         96.32475686766031        2.23606797749979                                 5
700         96.32475686766031        2.23606797749979                                 5
701         96.32475686766031        2.23606797749979                                 5
702         96.32475686766031        2.23606797749979                                 5
703         96.32475686766031        2.23606797749979                                 5
704         96.32475686766031        2.23606797749979                                 5
705         96.32475686766031        2.23606797749979                                 5
706         96.32475686766031        2.23606797749979                                 5
707         96.32475686766031        2.23606797749979                                 5
708         96.32475686766031        2.23606797749979                                 5
709         96.32475686766031        2.23606797749979                                 5
710         96.32475686766031        2.23606797749979                                 5
711         96.32475686766031        2.23606797749979                                 5
712         96.32475686766031        2.23606797749979                                 5
713         96.32475686766031        2.23606797749979                                 5
714         96.32475686766031        2.23606797749979                                 5
715         96.32475686766031        2.23606797749979                                 5
716         96.32475686766031        2.23606797749979                                 5
717         96.32475686766031        2.23606797749979                                 5
718         96.32475686766031        2.23606797749979                                 5
719         96.32475686766031        2.23606797749979                                 5
720         96.29817982810317        0.0                                 0
721         96.29817982810317        2.23606797749979                                 5
722         94.75050008295545        0.0                                 0
723         94.75050008295545        2.23606797749979                                 5
724         94.75050008295545        2.23606797749979                                 5
725         94.75050008295545        2.23606797749979                                 5
726         94.75050008295545        2.23606797749979                                 5
727         94.75050008295545        2.23606797749979                                 5
728         94.75050008295545        2.23606797749979                                 5
729         94.75050008295545        2.23606797749979                                 5
730         94.75050008295545        2.23606797749979                                 5
731         94.75050008295545        2.23606797749979                                 5
732         94.75050008295545        2.23606797749979                                 5
733         94.75050008295545        2.23606797749979                                 5
734         94.75050008295545        2.23606797749979                                 5
735         94.75050008295545        2.23606797749979                                 5
736         94.75050008295545        2.23606797749979                                 5
737         94.75050008295545        2.23606797749979                                 5
738         94.75050008295545        2.23606797749979                                 5
739         94.75050008295545        2.23606797749979                                 5
740         94.75050008295545        2.23606797749979                                 5
741         94.75050008295545        2.23606797749979                                 5
742         94.75050008295545        2.23606797749979                                 5
743         94.75050008295545        1.7320508075688772                                 3
744         94.75050008295545        2.23606797749979                                 5
745         94.75050008295545        2.23606797749979                                 5
746         94.75050008295545        2.23606797749979                                 5
747         94.73494301491736        0.0                                 0
748         94.73494301491736        2.23606797749979                                 5
749         94.73494301491736        2.23606797749979                                 5
750         94.73494301491736        2.23606797749979                                 5
751         94.73494301491736        2.23606797749979                                 5
752         94.73494301491736        2.23606797749979                                 5
753         94.73494301491736        2.23606797749979                                 5
754         94.73494301491736        2.23606797749979                                 5
755         94.6872001331437        0.0                                 0
756         94.68255515243354        0.0                                 0
757         94.68255515243354        2.23606797749979                                 5
758         94.68255515243354        2.23606797749979                                 5
759         94.68255515243354        2.23606797749979                                 5
760         94.68255515243354        2.23606797749979                                 5
761         94.68255515243354        2.23606797749979                                 5
762         94.68255515243354        2.23606797749979                                 5
763         94.68255515243354        2.23606797749979                                 5
764         94.68255515243354        2.23606797749979                                 5
765         94.68255515243354        2.23606797749979                                 5
766         94.68255515243354        2.23606797749979                                 5
767         94.68255515243354        2.23606797749979                                 5
768         94.68255515243354        2.23606797749979                                 5
769         94.68255515243354        2.23606797749979                                 5
770         94.68255515243354        2.23606797749979                                 5
771         94.68255515243354        2.23606797749979                                 5
772         94.68255515243354        2.23606797749979                                 5
773         94.68255515243354        2.23606797749979                                 5
774         94.68255515243354        2.23606797749979                                 5
775         94.68255515243354        2.23606797749979                                 5
776         94.65986386385484        0.0                                 0
777         94.65986386385484        2.23606797749979                                 5
778         94.65986386385484        2.23606797749979                                 5
779         94.65986386385484        2.23606797749979                                 5
780         94.47334840959192        0.0                                 0
781         94.47334840959192        2.23606797749979                                 5
782         94.47334840959192        2.23606797749979                                 5
783         94.47334840959192        2.23606797749979                                 5
784         94.47334840959192        2.23606797749979                                 5
785         94.47334840959192        2.23606797749979                                 5
786         94.47334840959192        2.23606797749979                                 5
787         94.381421931317        0.0                                 0
788         94.381421931317        2.23606797749979                                 5
789         94.381421931317        2.23606797749979                                 5
790         94.381421931317        2.23606797749979                                 5
791         94.381421931317        2.23606797749979                                 5
792         94.35510698311325        0.0                                 0
793         94.35510698311325        2.23606797749979                                 5
794         94.35510698311325        2.23606797749979                                 5
795         94.35510698311325        2.23606797749979                                 5
796         94.35510698311325        2.23606797749979                                 5
797         94.35510698311325        2.23606797749979                                 5
798         94.35510698311325        2.23606797749979                                 5
799         94.35510698311325        2.23606797749979                                 5
800         94.35510698311325        2.23606797749979                                 5
801         94.35510698311325        2.23606797749979                                 5
802         94.35510698311325        2.23606797749979                                 5
803         94.35510698311325        2.23606797749979                                 5
804         94.35510698311325        2.23606797749979                                 5
805         94.35510698311325        2.23606797749979                                 5
806         94.35510698311325        2.23606797749979                                 5
807         94.04757981943897        0.0                                 0
808         94.04757981943897        2.23606797749979                                 5
809         94.04757981943897        2.23606797749979                                 5
810         94.04757981943897        2.23606797749979                                 5
811         94.04757981943897        2.23606797749979                                 5
812         94.04757981943897        2.23606797749979                                 5
813         94.04757981943897        2.23606797749979                                 5
814         94.04757981943897        2.23606797749979                                 5
815         94.04757981943897        2.23606797749979                                 5
816         94.02795395196098        0.0                                 0
817         94.02795395196098        2.23606797749979                                 5
818         94.02795395196098        2.23606797749979                                 5
819         94.02795395196098        2.23606797749979                                 5
820         94.02795395196098        2.23606797749979                                 5
821         94.02795395196098        2.23606797749979                                 5
822         94.00394285558203        0.0                                 0
823         94.00394285558203        2.23606797749979                                 5
824         94.00394285558203        2.23606797749979                                 5
825         94.00394285558203        2.23606797749979                                 5
826         94.00394285558203        2.23606797749979                                 5
827         94.00394285558203        2.23606797749979                                 5
828         94.00394285558203        2.23606797749979                                 5
829         94.00394285558203        2.23606797749979                                 5
830         94.00394285558203        2.23606797749979                                 5
831         94.00394285558203        2.23606797749979                                 5
832         94.00394285558203        2.23606797749979                                 5
833         94.00394285558203        2.23606797749979                                 5
834         94.00394285558203        2.23606797749979                                 5
835         94.00394285558203        2.23606797749979                                 5
836         94.00394285558203        2.23606797749979                                 5
837         94.00394285558203        2.23606797749979                                 5
838         94.00394285558203        2.23606797749979                                 5
839         94.00394285558203        2.23606797749979                                 5
840         94.00394285558203        2.23606797749979                                 5
841         94.00394285558203        2.23606797749979                                 5
842         94.00394285558203        2.23606797749979                                 5
843         94.00394285558203        2.23606797749979                                 5
844         94.00394285558203        2.23606797749979                                 5
845         94.00394285558203        2.23606797749979                                 5
846         94.00394285558203        2.23606797749979                                 5
847         94.00394285558203        2.23606797749979                                 5
848         94.00394285558203        2.23606797749979                                 5
849         94.00394285558203        2.23606797749979                                 5
850         94.00394285558203        2.23606797749979                                 5
851         94.00394285558203        2.23606797749979                                 5
852         94.00394285558203        2.23606797749979                                 5
853         94.00394285558203        2.23606797749979                                 5
854         94.00394285558203        2.23606797749979                                 5
855         94.00394285558203        2.23606797749979                                 5
856         94.00394285558203        2.23606797749979                                 5
857         94.00394285558203        2.23606797749979                                 5
858         94.00394285558203        2.23606797749979                                 5
859         94.00394285558203        2.23606797749979                                 5
860         94.00394285558203        2.23606797749979                                 5
861         94.00394285558203        2.23606797749979                                 5
862         94.00394285558203        2.23606797749979                                 5
863         94.00394285558203        2.23606797749979                                 5
864         94.00356534706538        0.0                                 0
865         93.92037576762873        0.0                                 0
866         93.92037576762873        2.23606797749979                                 5
867         93.92037576762873        2.23606797749979                                 5
868         93.92037576762873        2.23606797749979                                 5
869         93.92037576762873        2.23606797749979                                 5
870         93.92037576762873        2.23606797749979                                 5
871         93.92037576762873        2.23606797749979                                 5
872         93.86949656035219        0.0                                 0
873         93.86949656035219        2.23606797749979                                 5
874         93.86949656035219        1.7320508075688772                                 3
875         93.86949656035219        2.23606797749979                                 5
876         93.86949656035219        2.23606797749979                                 5
877         93.86949656035219        2.23606797749979                                 5
878         93.86949656035219        2.23606797749979                                 5
879         93.84813454503256        0.0                                 0
880         93.84813454503256        2.23606797749979                                 5
881         93.84813454503256        2.23606797749979                                 5
882         93.83147418508568        0.0                                 0
883         93.83147418508568        2.23606797749979                                 5
884         93.83147418508568        2.23606797749979                                 5
885         93.83147418508568        2.23606797749979                                 5
886         93.83147418508568        2.23606797749979                                 5
887         93.83147418508568        2.23606797749979                                 5
888         93.83147418508568        2.23606797749979                                 5
889         93.83147418508568        2.23606797749979                                 5
890         93.82329296609001        0.0                                 0
891         93.82329296609001        2.23606797749979                                 5
892         93.82329296609001        2.23606797749979                                 5
893         93.82329296609001        2.23606797749979                                 5
894         93.82329296609001        2.23606797749979                                 5
895         93.82329296609001        2.23606797749979                                 5
896         93.82329296609001        2.23606797749979                                 5
897         93.82329296609001        2.23606797749979                                 5
898         93.82329296609001        2.23606797749979                                 5
899         93.82329296609001        2.23606797749979                                 5
900         93.82329296609001        2.23606797749979                                 5
901         93.82329296609001        2.23606797749979                                 5
902         93.82329296609001        2.23606797749979                                 5
903         93.74415127990139        0.0                                 0
904         93.74415127990139        2.23606797749979                                 5
905         93.74415127990139        2.23606797749979                                 5
906         93.74415127990139        2.23606797749979                                 5
907         93.74409663173245        0.0                                 0
908         93.74409663173245        2.23606797749979                                 5
909         93.74409663173245        2.23606797749979                                 5
910         93.74409663173245        2.23606797749979                                 5
911         93.74409663173245        2.23606797749979                                 5
912         93.74409663173245        2.23606797749979                                 5
913         93.74409663173245        2.23606797749979                                 5
914         93.74409663173245        2.23606797749979                                 5
915         93.74409663173245        2.23606797749979                                 5
916         93.74409663173245        2.23606797749979                                 5
917         93.74409663173245        2.23606797749979                                 5
918         93.74409663173245        2.23606797749979                                 5
919         93.74409663173245        2.23606797749979                                 5
920         93.74409663173245        2.23606797749979                                 5
921         93.74409663173245        2.23606797749979                                 5
922         93.74409663173245        2.23606797749979                                 5
923         93.74409663173245        2.23606797749979                                 5
924         93.74409663173245        2.23606797749979                                 5
925         93.74409663173245        2.23606797749979                                 5
926         93.74409663173245        2.23606797749979                                 5
927         93.74409663173245        2.23606797749979                                 5
928         93.74409663173245        2.23606797749979                                 5
929         93.74409663173245        2.23606797749979                                 5
930         93.73977962365159        0.0                                 0
931         93.73977962365159        2.23606797749979                                 5
932         93.73977962365159        2.23606797749979                                 5
933         93.73977962365159        2.23606797749979                                 5
934         93.73977962365159        2.23606797749979                                 5
935         93.73977962365159        2.23606797749979                                 5
936         93.73977962365159        2.23606797749979                                 5
937         93.73977962365159        2.23606797749979                                 5
938         93.73977962365159        2.23606797749979                                 5
939         93.73977962365159        2.23606797749979                                 5
940         93.73977962365159        2.23606797749979                                 5
941         93.73977962365159        2.23606797749979                                 5
942         93.73977962365159        2.23606797749979                                 5
943         93.73977962365159        2.23606797749979                                 5
944         93.73977962365159        2.23606797749979                                 5
945         93.73977962365159        2.23606797749979                                 5
946         93.25192779764838        0.0                                 0
947         93.25192779764838        2.23606797749979                                 5
948         93.25192779764838        2.23606797749979                                 5
949         93.25192779764838        2.23606797749979                                 5
950         93.25192779764838        2.23606797749979                                 5
951         93.25192779764838        2.23606797749979                                 5
952         93.25192779764838        2.23606797749979                                 5
953         93.25192779764838        2.23606797749979                                 5
954         93.25192779764838        2.23606797749979                                 5
955         93.25192779764838        2.23606797749979                                 5
956         93.25192779764838        2.23606797749979                                 5
957         93.25192779764838        2.23606797749979                                 5
958         93.25192779764838        2.23606797749979                                 5
959         93.25192779764838        2.23606797749979                                 5
960         93.25192779764838        2.23606797749979                                 5
961         93.25192779764838        2.23606797749979                                 5
962         93.25192779764838        2.23606797749979                                 5
963         93.25192779764838        2.23606797749979                                 5
964         93.25192779764838        2.23606797749979                                 5
965         93.25192779764838        2.23606797749979                                 5
966         93.25192779764838        2.23606797749979                                 5
967         93.25192779764838        2.23606797749979                                 5
968         93.25192779764838        2.23606797749979                                 5
969         93.25192779764838        2.23606797749979                                 5
970         93.25192779764838        2.23606797749979                                 5
971         93.25192779764838        2.23606797749979                                 5
972         93.25192779764838        2.23606797749979                                 5
973         93.25192779764838        2.23606797749979                                 5
974         93.25192779764838        2.23606797749979                                 5
975         93.25192779764838        2.23606797749979                                 5
976         93.24900800755485        0.0                                 0
977         93.24494668557467        0.0                                 0
978         93.24494668557467        2.23606797749979                                 5
979         93.24494668557467        2.23606797749979                                 5
980         93.24494668557467        2.23606797749979                                 5
981         90.99772367590349        0.0                                 0
982         89.50613271574572        0.0                                 0
983         89.50613271574572        2.23606797749979                                 5
984         89.50613271574572        2.23606797749979                                 5
985         89.50613271574572        2.23606797749979                                 5
986         89.50613271574572        2.23606797749979                                 5
987         89.50613271574572        2.23606797749979                                 5
988         89.09350547037947        0.0                                 0
989         89.09280337561441        0.0                                 0
990         89.09280337561441        2.23606797749979                                 5
991         89.09280337561441        2.23606797749979                                 5
992         89.09280337561441        2.23606797749979                                 5
993         89.09280337561441        2.23606797749979                                 5
994         89.09280337561441        2.23606797749979                                 5
995         89.09280337561441        2.23606797749979                                 5
996         89.09280337561441        2.23606797749979                                 5
997         89.09280337561441        2.23606797749979                                 5
998         89.09280337561441        2.23606797749979                                 5
999         89.09280337561441        2.23606797749979                                 5
// Funcion: rosenbrock Enfriamiento: exponencial Semilla: 2127792100