iteracion  mejor_solucion    distancia_euclidiana                 distancia_hamming
0         3279.11127996436        0.0                                 0
1         3635.2953690147883        0.0                                 0
2         3635.2953690147883        0.0                                 0
3         3645.209989771442        0.0                                 0
4         3705.3458070493025        0.0                                 0
5         3705.3458070493025        0.0                                 0
6         4235.259136347385        0.0                                 0
7         4238.206773019363        0.0                                 0
8         4222.529924241131        0.0                                 0
9         4222.529924241131        0.0                                 0
10         4227.0276008176415        2.23606797749979                                 5
11         4227.0276008176415        2.23606797749979                                 5
12         4227.0276008176415        2.23606797749979                                 5
13         4227.0276008176415        0.0                                 0
14         4243.70001740449        0.0                                 0
15         4244.3017267133855        0.0                                 0
16         4391.414485202963        2.23606797749979                                 5
17         4106.143524266004        0.0                                 0
18         4106.143524266004        0.0                                 0
19         4263.838063074488        2.23606797749979                                 5
20         4263.838063074488        2.23606797749979                                 5
21         4263.838063074488        2.23606797749979                                 5
22         3444.7567031753124        0.0                                 0
23         3444.7567031753124        0.0                                 0
24         3446.1619610282355        2.23606797749979                                 5
25         3420.9198625918616        0.0                                 0
26         3414.1132013609363        0.0                                 0
27         3414.1132013609363        0.0                                 0
28         3415.1561946041707        0.0                                 0
29         2988.258999967914        0.0                                 0
30         2979.183667414787        0.0                                 0
31         2979.0411047766743        0.0                                 0
32         2979.0411047766743        2.23606797749979                                 5
33         2978.8006381710215        0.0                                 0
34         2765.009617059793        0.0                                 0
35         2765.009617059793        0.0                                 0
36         2624.510124071831        0.0                                 0
37         2624.510124071831        2.23606797749979                                 5
38         2624.510124071831        0.0                                 0
39         2792.5534131986706        2.23606797749979                                 5
40         2792.5534131986706        0.0                                 0
41         2792.7207434221605        2.23606797749979                                 5
42         2792.36179481611        0.0                                 0
43         2792.36179481611        0.0                                 0
44         2370.935657094007        0.0                                 0
45         2370.935657094007        2.23606797749979                                 5
46         2370.935657094007        0.0                                 0
47         2385.363142328602        0.0                                 0
48         2385.363142328602        2.23606797749979                                 5
49         2384.2086022231406        0.0                                 0
50         2384.2086022231406        2.23606797749979                                 5
51         2384.2086022231406        0.0                                 0
52         2345.997296510707        0.0                                 0
53         2325.5635011832765        0.0                                 0
54         1929.258535996831        0.0                                 0
55         1929.258535996831        2.23606797749979                                 5
56         1890.3483056855932        0.0                                 0
57         1890.3483056855932        2.23606797749979                                 5
58         1829.671424854201        0.0                                 0
59         1828.8353622688044        0.0                                 0
60         1825.3086527769183        0.0                                 0
61         1825.3086527769183        0.0                                 0
62         1828.7821306574078        2.23606797749979                                 5
63         1828.7821306574078        2.23606797749979                                 5
64         1828.7821306574078        2.23606797749979                                 5
65         1828.7821306574078        0.0                                 0
66         1879.2791014110296        0.0                                 0
67         1879.540018046783        0.0                                 0
68         1848.62964424088        0.0                                 0
69         1796.2454174260067        0.0                                 0
70         1796.1734730248338        0.0                                 0
71         1796.1734730248338        2.23606797749979                                 5
72         1795.6096500523206        0.0                                 0
73         1794.9413042374167        0.0                                 0
74         1794.9413042374167        2.23606797749979                                 5
75         1792.65916377083        0.0                                 0
76         1792.65916377083        2.23606797749979                                 5
77         1786.884153465442        0.0                                 0
78         1786.884153465442        2.23606797749979                                 5
79         1785.716141062247        0.0                                 0
80         1785.716141062247        2.23606797749979                                 5
81         1785.716141062247        2.23606797749979                                 5
82         1783.1508179091984        0.0                                 0
83         1783.1508179091984        2.23606797749979                                 5
84         1701.6886938155208        0.0                                 0
85         1510.1848884973663        0.0                                 0
86         1510.1848884973663        2.23606797749979                                 5
87         1510.1848884973663        2.23606797749979                                 5
88         1448.1942064637756        0.0                                 0
89         1448.1942064637756        2.23606797749979                                 5
90         1448.1942064637756        2.23606797749979                                 5
91         1251.138217088381        0.0                                 0
92         1251.138217088381        2.23606797749979                                 5
93         1247.8677984383253        0.0                                 0
94         1247.8677984383253        2.23606797749979                                 5
95         1247.8677984383253        2.23606797749979                                 5
96         1247.8677984383253        2.23606797749979                                 5
97         933.6183338969942        0.0                                 0
98         839.8071856915892        0.0                                 0
99         839.8071856915892        0.0                                 0
100         839.810165712167        2.23606797749979                                 5
101         839.810165712167        2.23606797749979                                 5
102         825.8825342277428        0.0                                 0
103         813.1927610711545        0.0                                 0
104         813.1927610711545        2.23606797749979                                 5
105         813.1927610711545        2.23606797749979                                 5
106         813.1927610711545        2.23606797749979                                 5
107         811.1080259353743        0.0                                 0
108         811.1080259353743        2.23606797749979                                 5
109         811.1080259353743        2.23606797749979                                 5
110         811.1080259353743        2.23606797749979                                 5
111         759.4872283817095        0.0                                 0
112         755.9241624857915        0.0                                 0
113         755.2451412668283        0.0                                 0
114         755.2451412668283        2.23606797749979                                 5
115         755.2451412668283        2.23606797749979                                 5
116         755.2451412668283        2.23606797749979                                 5
117         751.5277435588267        0.0                                 0
118         751.4113742703936        0.0                                 0
119         751.4113742703936        2.23606797749979                                 5
120         748.8111718678699        0.0                                 0
121         748.8111718678699        2.23606797749979                                 5
122         748.8111718678699        2.23606797749979                                 5
123         748.8111718678699        2.23606797749979                                 5
124         725.964493114461        0.0                                 0
125         725.964493114461        2.23606797749979                                 5
126         725.964493114461        2.23606797749979                                 5
127         725.964493114461        2.23606797749979                                 5
128         725.964493114461        2.23606797749979                                 5
129         725.964493114461        2.23606797749979                                 5
130         704.5566269618481        0.0                                 0
131         704.5566269618481        2.23606797749979                                 5
132         704.5566269618481        2.23606797749979                                 5
133         691.2804368554597        0.0                                 0
134         691.2804368554597        2.23606797749979                                 5
135         691.2804368554597        2.23606797749979                                 5
136         691.2804368554597        2.23606797749979                                 5
137         691.2804368554597        2.23606797749979                                 5
138         691.2804368554597        2.23606797749979                                 5
139         691.2804368554597        0.0                                 0
140         692.358451827582        2.23606797749979                                 5
141         692.358451827582        0.0                                 0
142         686.9637922287823        0.0                                 0
143         686.9637922287823        1.7320508075688772                                 3
144         686.9637922287823        2.23606797749979                                 5
145         686.9516445733107        0.0                                 0
146         686.9516445733107        2.23606797749979                                 5
147         686.9516445733107        2.23606797749979                                 5
148         686.9516445733107        2.23606797749979                                 5
149         686.9516445733107        2.23606797749979                                 5
150         686.9516445733107        2.23606797749979                                 5
151         686.9516445733107        2.23606797749979                                 5
152         686.9516445733107        2.23606797749979                                 5
153         686.9516445733107        2.23606797749979                                 5
154         665.5535139514886        0.0                                 0
155         650.7050790948038        0.0                                 0
156         650.7050790948038        2.23606797749979                                 5
157         650.7050790948038        1.7320508075688772                                 3
158         650.7050790948038        2.23606797749979                                 5
159         650.7050790948038        2.23606797749979                                 5
160         650.7050790948038        2.23606797749979                                 5
161         650.7050790948038        2.23606797749979                                 5
162         650.7050790948038        1.7320508075688772                                 3
163         650.7050790948038        2.23606797749979                                 5
164         650.7050790948038        2.23606797749979                                 5
165         650.7050790948038        2.23606797749979                                 5
166         650.7050790948038        2.23606797749979                                 5
167         647.5233824520562        0.0                                 0
168         647.5233824520562        0.0                                 0
169         647.6210472205416        2.23606797749979                                 5
170         640.5304408018224        0.0                                 0
171         640.5304408018224        2.23606797749979                                 5
172         640.5304408018224        2.23606797749979                                 5
173         640.1493628157666        0.0                                 0
174         640.0175651454256        0.0                                 0
175         640.0175651454256        2.23606797749979                                 5
176         640.0175651454256        2.23606797749979                                 5
177         620.1340762324264        0.0                                 0
178         620.1340762324264        2.23606797749979                                 5
179         617.6827881327721        0.0                                 0
180         617.6827881327721        2.23606797749979                                 5
181         617.6827881327721        2.23606797749979                                 5
182         611.6662613802847        0.0                                 0
183         611.6662613802847        2.23606797749979                                 5
184         611.6662613802847        2.23606797749979                                 5
185         611.6662613802847        2.23606797749979                                 5
186         611.6662613802847        2.23606797749979                                 5
187         611.6662613802847        2.23606797749979                                 5
188         611.6662613802847        2.23606797749979                                 5
189         611.6662613802847        2.23606797749979                                 5
190         611.6662613802847        2.23606797749979                                 5
191         611.6662613802847        2.23606797749979                                 5
192         611.6662613802847        2.23606797749979                                 5
193         611.6662613802847        2.23606797749979                                 5
194         611.6662613802847        2.23606797749979                                 5
195         611.6662613802847        2.23606797749979                                 5
196         611.6662613802847        2.23606797749979                                 5
197         611.6662613802847        2.23606797749979                                 5
198         611.6662613802847        2.23606797749979                                 5
199         611.4293980128626        0.0                                 0
200         590.2789088122856        0.0                                 0
201         590.2789088122856        2.23606797749979                                 5
202         590.2789088122856        2.23606797749979                                 5
203         590.2789088122856        2.23606797749979                                 5
204         590.1530799537951        0.0                                 0
205         590.1530799537951        2.23606797749979                                 5
206         590.1530799537951        2.23606797749979                                 5
207         590.1530799537951        2.23606797749979                                 5
208         590.1530799537951        2.23606797749979                                 5
209         580.192693829472        0.0                                 0
210         577.5345866609036        0.0                                 0
211         577.5345866609036        2.23606797749979                                 5
212         577.5345866609036        2.23606797749979                                 5
213         577.5345866609036        2.23606797749979                                 5
214         577.5345866609036        2.23606797749979                                 5
215         577.5345866609036        2.23606797749979                                 5
216         577.5345866609036        2.23606797749979                                 5
217         577.5345866609036        2.23606797749979                                 5
218         577.5345866609036        2.23606797749979                                 5
219         577.5345866609036        2.23606797749979                                 5
220         577.5345866609036        1.7320508075688772                                 3
221         577.5345866609036        2.23606797749979                                 5
222         577.5345866609036        2.23606797749979                                 5
223         577.3262395488407        0.0                                 0
224         577.3262395488407        2.23606797749979                                 5
225         577.3262395488407        2.23606797749979                                 5
226         577.3262395488407        2.23606797749979                                 5
227         577.3262395488407        2.23606797749979                                 5
228         577.3262395488407        2.23606797749979                                 5
229         577.3262395488407        2.23606797749979                                 5
230         577.3262395488407        2.23606797749979                                 5
231         577.3262395488407        2.23606797749979                                 5
232         577.3262395488407        2.23606797749979                                 5
233         577.3262395488407        2.23606797749979                                 5
234         577.3262395488407        2.23606797749979                                 5
235         577.3262395488407        2.23606797749979                                 5
236         577.3262395488407        2.23606797749979                                 5
237         577.3262395488407        2.23606797749979                                 5
238         577.3262395488407        2.23606797749979                                 5
239         577.3262395488407        2.23606797749979                                 5
240         577.3262395488407        1.7320508075688772                                 3
241         577.3262395488407        2.23606797749979                                 5
242         577.3262395488407        2.23606797749979                                 5
243         574.0279172918144        0.0                                 0
244         574.0279172918144        2.23606797749979                                 5
245         574.0279172918144        2.23606797749979                                 5
246         574.0279172918144        2.23606797749979                                 5
247         574.0279172918144        2.23606797749979                                 5
248         574.0279172918144        2.23606797749979                                 5
249         574.0279172918144        2.23606797749979                                 5
250         574.0279172918144        2.23606797749979                                 5
251         574.0279172918144        2.23606797749979                                 5
252         574.0204237681811        0.0                                 0
253         574.0204237681811        2.23606797749979                                 5
254         574.0204237681811        2.23606797749979                                 5
255         574.0204237681811        2.23606797749979                                 5
256         574.0204237681811        2.23606797749979                                 5
257         574.0204237681811        1.7320508075688772                                 3
258         574.0204237681811        2.23606797749979                                 5
259         574.0204237681811        2.23606797749979                                 5
260         574.0204237681811        2.23606797749979                                 5
261         574.0204237681811        2.23606797749979                                 5
262         574.0204237681811        2.23606797749979                                 5
263         564.9347780304842        0.0                                 0
264         564.9347780304842        2.23606797749979                                 5
265         564.9347780304842        2.23606797749979                                 5
266         564.9347780304842        2.23606797749979                                 5
267         564.9347780304842        2.23606797749979                                 5
268         564.9347780304842        2.23606797749979                                 5
269         562.7806916012045        0.0                                 0
270         562.771821764882        0.0                                 0
271         562.771821764882        2.23606797749979                                 5
272         562.771821764882        2.23606797749979                                 5
273         562.771821764882        2.23606797749979                                 5
274         562.771821764882        2.23606797749979                                 5
275         562.771821764882        2.23606797749979                                 5
276         562.771821764882        2.23606797749979                                 5
277         562.771821764882        2.23606797749979                                 5
278         562.771821764882        2.23606797749979                                 5
279         513.0250732139856        0.0                                 0
280         512.5911583436044        0.0                                 0
281         512.5911583436044        2.23606797749979                                 5
282         512.5911583436044        2.23606797749979                                 5
283         469.0542490360364        0.0                                 0
284         469.0542490360364        1.7320508075688772                                 3
285         449.9418314678779        0.0                                 0
286         449.9418314678779        2.23606797749979                                 5
287         449.9418314678779        2.23606797749979                                 5
288         426.27685632910004        0.0                                 0
289         426.27685632910004        2.23606797749979                                 5
290         426.27685632910004        2.23606797749979                                 5
291         422.97032149408017        0.0                                 0
292         422.74032078167363        0.0                                 0
293         252.4057054052925        0.0                                 0
294         252.4057054052925        2.23606797749979                                 5
295         252.33376724756147        0.0                                 0
296         252.33376724756147        2.23606797749979                                 5
297         252.33376724756147        2.23606797749979                                 5
298         252.33376724756147        2.23606797749979                                 5
299         252.33376724756147        2.23606797749979                                 5
300         252.33376724756147        2.23606797749979                                 5
301         252.33376724756147        2.23606797749979                                 5
302         239.01011357385727        0.0                                 0
303         239.01011357385727        2.23606797749979                                 5
304         239.01011357385727        2.23606797749979                                 5
305         239.01011357385727        2.23606797749979                                 5
306         239.01011357385727        2.23606797749979                                 5
307         239.01011357385727        2.23606797749979                                 5
308         239.01011357385727        2.23606797749979                                 5
309         239.01011357385727        2.23606797749979                                 5
310         239.01011357385727        2.23606797749979                                 5
311         239.01011357385727        2.23606797749979                                 5
312         239.01011357385727        2.23606797749979                                 5
313         239.01011357385727        2.23606797749979                                 5
314         201.6115024719135        0.0                                 0
315         201.6115024719135        2.23606797749979                                 5
316         201.6115024719135        2.23606797749979                                 5
317         201.6115024719135        2.23606797749979                                 5
318         201.6115024719135        2.23606797749979                                 5
319         201.13541887470495        0.0                                 0
320         201.0936383688367        0.0                                 0
321         201.0936383688367        2.23606797749979                                 5
322         201.0936383688367        2.23606797749979                                 5
323         201.0936383688367        2.23606797749979                                 5
324         201.0936383688367        2.23606797749979                                 5
325         200.8971732511618        0.0                                 0
326         200.8971732511618        2.23606797749979                                 5
327         200.8971732511618        2.23606797749979                                 5
328         200.8971732511618        2.23606797749979                                 5
329         200.8971732511618        2.23606797749979                                 5
330         200.8971732511618        2.23606797749979                                 5
331         198.9542977185765        0.0                                 0
332         198.9542977185765        2.23606797749979                                 5
333         198.9542977185765        2.23606797749979                                 5
334         198.9542977185765        2.23606797749979                                 5
335         198.9542977185765        2.23606797749979                                 5
336         198.9542977185765        2.23606797749979                                 5
337         198.58626012843166        0.0                                 0
338         198.58626012843166        2.23606797749979                                 5
339         198.58626012843166        2.23606797749979                                 5
340         198.58626012843166        2.23606797749979                                 5
341         198.58626012843166        2.23606797749979                                 5
342         198.58626012843166        2.23606797749979                                 5
343         198.58626012843166        2.23606797749979                                 5
344         198.58626012843166        2.23606797749979                                 5
345         198.58626012843166        2.23606797749979                                 5
346         198.58626012843166        2.23606797749979                                 5
347         198.58626012843166        2.23606797749979                                 5
348         198.58626012843166        2.23606797749979                                 5
349         198.58626012843166        1.7320508075688772                                 3
350         198.58626012843166        2.23606797749979                                 5
351         198.58626012843166        2.23606797749979                                 5
352         198.58626012843166        2.23606797749979                                 5
353         198.58626012843166        2.23606797749979                                 5
354         198.58626012843166        2.23606797749979                                 5
355         198.58626012843166        2.23606797749979                                 5
356         198.58626012843166        2.23606797749979                                 5
357         198.58626012843166        2.23606797749979                                 5
358         198.58626012843166        2.23606797749979                                 5
359         198.58626012843166        2.23606797749979                                 5
360         198.58626012843166        2.23606797749979                                 5
361         198.58626012843166        2.23606797749979                                 5
362         198.58626012843166        2.23606797749979                                 5
363         198.54267475387158        0.0                                 0
364         198.54267475387158        2.23606797749979                                 5
365         198.54267475387158        2.23606797749979                                 5
366         198.54267475387158        2.23606797749979                                 5
367         198.54267475387158        2.23606797749979                                 5
368         198.54267475387158        2.23606797749979                                 5
369         198.54267475387158        2.23606797749979                                 5
370         198.54267475387158        2.23606797749979                                 5
371         198.5040948302941        0.0                                 0
372         198.5040948302941        2.23606797749979                                 5
373         198.5040948302941        2.23606797749979                                 5
374         198.5040948302941        2.23606797749979                                 5
375         197.06469080544449        0.0                                 0
376         197.06469080544449        2.23606797749979                                 5
377         197.06469080544449        2.23606797749979                                 5
378         197.06469080544449        2.23606797749979                                 5
379         196.40811204635375        0.0                                 0
380         196.40811204635375        2.23606797749979                                 5
381         196.40811204635375        2.23606797749979                                 5
382         196.40811204635375        2.23606797749979                                 5
383         196.3554975457038        0.0                                 0
384         196.3554975457038        2.23606797749979                                 5
385         196.3554975457038        2.23606797749979                                 5
386         196.3554975457038        2.23606797749979                                 5
387         183.00362269281382        0.0                                 0
388         183.00362269281382        2.23606797749979                                 5
389         183.00362269281382        2.23606797749979                                 5
390         183.00362269281382        2.23606797749979                                 5
391         183.00362269281382        2.23606797749979                                 5
392         183.00362269281382        2.23606797749979                                 5
393         183.00362269281382        2.23606797749979                                 5
394         183.00362269281382        2.23606797749979                                 5
395         183.00362269281382        2.23606797749979                                 5
396         183.00362269281382        2.23606797749979                                 5
397         183.00362269281382        2.23606797749979                                 5
398         183.00362269281382        2.23606797749979                                 5
399         183.00362269281382        2.23606797749979                                 5
400         183.00362269281382        2.23606797749979                                 5
401         183.00362269281382        2.23606797749979                                 5
402         183.00362269281382        2.23606797749979                                 5
403         183.00362269281382        2.23606797749979                                 5
404         183.00362269281382        2.23606797749979                                 5
405         183.00362269281382        2.23606797749979                                 5
406         183.00362269281382        2.23606797749979                                 5
407         183.00362269281382        2.23606797749979                                 5
408         183.00362269281382        2.23606797749979                                 5
409         153.27713128227708        0.0                                 0
410         153.27713128227708        2.23606797749979                                 5
411         153.27713128227708        2.23606797749979                                 5
412         153.27713128227708        2.23606797749979                                 5
413         153.27713128227708        2.23606797749979                                 5
414         153.27713128227708        2.23606797749979                                 5
415         153.27713128227708        2.23606797749979                                 5
416         153.27713128227708        2.23606797749979                                 5
417         153.27713128227708        2.23606797749979                                 5
418         153.27713128227708        2.23606797749979                                 5
419         139.23100100996157        0.0                                 0
420         139.23100100996157        2.23606797749979                                 5
421         139.23100100996157        2.23606797749979                                 5
422         139.23100100996157        2.23606797749979                                 5
423         139.23100100996157        2.23606797749979                                 5
424         139.23100100996157        2.23606797749979                                 5
425         139.23100100996157        2.23606797749979                                 5
426         139.23100100996157        2.23606797749979                                 5
427         139.23100100996157        2.23606797749979                                 5
428         139.23100100996157        2.23606797749979                                 5
429         139.23100100996157        2.23606797749979                                 5
430         139.23100100996157        2.23606797749979                                 5
431         139.23100100996157        2.23606797749979                                 5
432         139.23100100996157        2.23606797749979                                 5
433         139.23100100996157        2.23606797749979                                 5
434         139.23100100996157        2.23606797749979                                 5
435         139.23100100996157        2.23606797749979                                 5
436         139.23100100996157        2.23606797749979                                 5
437         139.23100100996157        2.23606797749979                                 5
438         139.23100100996157        2.23606797749979                                 5
439         139.23100100996157        2.23606797749979                                 5
440         139.23100100996157        2.23606797749979                                 5
441         139.23100100996157        2.23606797749979                                 5
442         139.23100100996157        2.23606797749979                                 5
443         139.23100100996157        2.23606797749979                                 5
444         139.078559626562        0.0                                 0
445         139.078559626562        2.23606797749979                                 5
446         139.078559626562        2.23606797749979                                 5
447         139.078559626562        2.23606797749979                                 5
448         139.078559626562        2.23606797749979                                 5
449         124.10859196461091        0.0                                 0
450         122.28063367303118        0.0                                 0
451         122.28063367303118        2.23606797749979                                 5
452         96.57038054954113        0.0                                 0
453         96.57038054954113        2.23606797749979                                 5
454         96.57038054954113        2.23606797749979                                 5
455         96.57038054954113        2.23606797749979                                 5
456         96.57038054954113        2.23606797749979                                 5
457         96.57038054954113        2.23606797749979                                 5
458         96.57038054954113        2.23606797749979                                 5
459         96.57038054954113        2.23606797749979                                 5
460         96.57038054954113        2.23606797749979                                 5
461         96.57038054954113        2.23606797749979                                 5
462         96.57038054954113        2.23606797749979                                 5
463         96.57038054954113        2.23606797749979                                 5
464         96.57038054954113        2.23606797749979                                 5
465         96.57038054954113        2.23606797749979                                 5
466         96.57038054954113        2.23606797749979                                 5
467         96.20871871303345        0.0                                 0
468         96.20871871303345        2.23606797749979                                 5
469         96.20871871303345        2.23606797749979                                 5
470         96.20871871303345        2.23606797749979                                 5
471         94.79759507119408        0.0                                 0
472         94.79759507119408        2.23606797749979                                 5
473         94.79550245912387        0.0                                 0
474         94.79550245912387        2.23606797749979                                 5
475         94.79550245912387        2.23606797749979                                 5
476         94.79550245912387        2.23606797749979                                 5
477         94.79550245912387        2.23606797749979                                 5
478         94.79550245912387        2.23606797749979                                 5
479         94.79550245912387        2.23606797749979                                 5
480         94.79550245912387        2.23606797749979                                 5
481         94.79550245912387        2.23606797749979                                 5
482         94.79550245912387        2.23606797749979                                 5
483         94.79550245912387        2.23606797749979                                 5
484         94.79550245912387        2.23606797749979                                 5
485         94.78842866271987        0.0                                 0
486         94.78401357206401        0.0                                 0
487         94.78401357206401        2.23606797749979                                 5
488         94.78401357206401        2.23606797749979                                 5
489         94.78401357206401        2.23606797749979                                 5
490         94.78401357206401        2.23606797749979                                 5
491         94.78401357206401        2.23606797749979                                 5
492         94.78401357206401        2.23606797749979                                 5
493         94.78401357206401        2.23606797749979                                 5
494         94.78401357206401        2.23606797749979                                 5
495         94.78401357206401        2.23606797749979                                 5
496         94.78401357206401        2.23606797749979                                 5
497         94.78401357206401        2.23606797749979                                 5
498         94.78401357206401        2.23606797749979                                 5
499         94.78401357206401        2.23606797749979                                 5
500         94.78401357206401        2.23606797749979                                 5
501         94.22653246186617        0.0                                 0
502         94.22653246186617        2.23606797749979                                 5
503         86.26980781012452        0.0                                 0
504         86.26980781012452        2.23606797749979                                 5
505         86.26980781012452        2.23606797749979                                 5
506         86.26980781012452        2.23606797749979                                 5
507         86.26980781012452        2.23606797749979                                 5
508         86.26980781012452        2.23606797749979                                 5
509         86.26980781012452        2.23606797749979                                 5
510         86.26980781012452        2.23606797749979                                 5
511         86.26980781012452        2.23606797749979                                 5
512         86.26980781012452        2.23606797749979                                 5
513         86.26980781012452        2.23606797749979                                 5
514         86.26980781012452        2.23606797749979                                 5
515         86.26980781012452        2.23606797749979                                 5
516         86.26980781012452        2.23606797749979                                 5
517         86.26980781012452        2.23606797749979                                 5
518         86.26980781012452        2.23606797749979                                 5
519         86.26980781012452        2.23606797749979                                 5
520         86.26980781012452        2.23606797749979                                 5
521         86.26980781012452        2.23606797749979                                 5
522         82.83743557695628        0.0                                 0
523         82.83743557695628        2.23606797749979                                 5
524         82.83743557695628        2.23606797749979                                 5
525         82.83743557695628        2.23606797749979                                 5
526         81.8988990673776        0.0                                 0
527         81.8988990673776        2.23606797749979                                 5
528         81.8988990673776        2.23606797749979                                 5
529         81.8988990673776        2.23606797749979                                 5
530         81.8988990673776        2.23606797749979                                 5
531         79.9771653303746        0.0                                 0
532         79.9771653303746        2.23606797749979                                 5
533         79.9771653303746        2.23606797749979                                 5
534         79.9771653303746        2.23606797749979                                 5
535         79.9771653303746        2.23606797749979                                 5
536         79.9771653303746        2.23606797749979                                 5
537         79.9771653303746        2.23606797749979                                 5
538         79.9771653303746        2.23606797749979                                 5
539         79.9771653303746        2.23606797749979                                 5
540         79.95672387526587        0.0                                 0
541         79.95672387526587        2.23606797749979                                 5
542         79.95672387526587        2.23606797749979                                 5
543         79.95672387526587        2.23606797749979                                 5
544         79.95672387526587        2.23606797749979                                 5
545         79.95672387526587        2.23606797749979                                 5
546         79.95672387526587        2.23606797749979                                 5
547         79.88988926357513        0.0                                 0
548         79.88988926357513        2.23606797749979                                 5
549         79.88988926357513        2.23606797749979                                 5
550         79.88988926357513        2.23606797749979                                 5
551         79.88988926357513        2.23606797749979                                 5
552         79.88988926357513        2.23606797749979                                 5
553         79.88988926357513        2.23606797749979                                 5
554         79.88988926357513        2.23606797749979                                 5
555         79.88988926357513        2.23606797749979                                 5
556         79.88988926357513        2.23606797749979                                 5
557         79.88988926357513        2.23606797749979                                 5
558         76.19483306715728        0.0                                 0
559         76.16772278904553        0.0                                 0
560         76.16772278904553        2.23606797749979                                 5
561         76.16772278904553        2.23606797749979                                 5
562         76.16772278904553        2.23606797749979                                 5
563         76.16772278904553        2.23606797749979                                 5
564         76.16772278904553        2.23606797749979                                 5
565         76.13587997415473        0.0                                 0
566         75.68678706367518        0.0                                 0
567         75.56527035196493        0.0                                 0
568         75.56527035196493        2.23606797749979                                 5
569         75.56527035196493        2.23606797749979                                 5
570         75.56527035196493        2.23606797749979                                 5
571         75.56527035196493        2.23606797749979                                 5
572         75.56527035196493        2.23606797749979                                 5
573         72.94431998244802        0.0                                 0
574         72.94431998244802        2.23606797749979                                 5
575         72.94431998244802        2.23606797749979                                 5
576         72.94431998244802        2.23606797749979                                 5
577         72.94431998244802        2.23606797749979                                 5
578         72.94431998244802        2.23606797749979                                 5
579         72.94431998244802        2.23606797749979                                 5
580         72.94431998244802        2.23606797749979                                 5
581         72.94431998244802        2.23606797749979                                 5
582         72.94431998244802        2.23606797749979                                 5
583         72.94431998244802        2.23606797749979                                 5
584         72.94431998244802        2.23606797749979                                 5
585         72.94431998244802        2.23606797749979                                 5
586         72.94431998244802        2.23606797749979                                 5
587         72.94431998244802        2.23606797749979                                 5
588         72.94431998244802        2.23606797749979                                 5
589         72.94431998244802        2.23606797749979                                 5
590         71.60726902943908        0.0                                 0
591         70.82074768593618        0.0                                 0
592         70.82074768593618        2.23606797749979                                 5
593         70.82074768593618        2.23606797749979                                 5
594         70.82074768593618        2.23606797749979                                 5
595         70.75556326816944        0.0                                 0
596         70.27069241454701        0.0                                 0
597         70.27069241454701        2.23606797749979                                 5
598         64.29701198949836        0.0                                 0
599         64.29701198949836        2.23606797749979                                 5
600         64.29701198949836        2.23606797749979                                 5
601         64.29701198949836        2.23606797749979                                 5
602         64.29701198949836        2.23606797749979                                 5
603         64.29701198949836        2.23606797749979                                 5
604         64.29701198949836        2.23606797749979                                 5
605         64.29701198949836        2.23606797749979                                 5
606         64.29701198949836        2.23606797749979                                 5
607         64.29701198949836        2.23606797749979                                 5
608         64.29701198949836        2.23606797749979                                 5
609         64.29701198949836        2.23606797749979                                 5
610         64.29701198949836        2.23606797749979                                 5
611         64.29701198949836        2.23606797749979                                 5
612         64.29701198949836        2.23606797749979                                 5
613         64.29701198949836        2.23606797749979                                 5
614         64.29701198949836        2.23606797749979                                 5
615         64.29701198949836        2.23606797749979                                 5
616         64.29701198949836        2.23606797749979                                 5
617         64.29701198949836        2.23606797749979                                 5
618         64.29701198949836        2.23606797749979                                 5
619         64.29701198949836        2.23606797749979                                 5
620         64.29701198949836        2.23606797749979                                 5
621         64.27801360748902        0.0                                 0
622         63.99307228396229        0.0                                 0
623         63.99307228396229        2.23606797749979                                 5
624         63.453668029216196        0.0                                 0
625         63.336039824848164        0.0                                 0
626         63.03792155563975        0.0                                 0
627         63.03792155563975        2.23606797749979                                 5
628         62.90356460413911        0.0                                 0
629         62.90356460413911        2.23606797749979                                 5
630         62.90356460413911        2.23606797749979                                 5
631         62.90356460413911        2.23606797749979                                 5
632         62.90356460413911        2.23606797749979                                 5
633         62.90356460413911        2.23606797749979                                 5
634         62.90356460413911        2.23606797749979                                 5
635         62.90356460413911        2.23606797749979                                 5
636         62.90356460413911        2.23606797749979                                 5
637         62.90356460413911        2.23606797749979                                 5
638         62.90356460413911        2.23606797749979                                 5
639         62.898342706625655        0.0                                 0
640         62.898342706625655        2.23606797749979                                 5
641         60.70355782240043        0.0                                 0
642         60.38606874627372        0.0                                 0
643         60.38606874627372        2.23606797749979                                 5
644         60.38606874627372        2.23606797749979                                 5
645         60.38606874627372        2.23606797749979                                 5
646         56.829842938869284        0.0                                 0
647         56.829842938869284        2.23606797749979                                 5
648         44.26974753644492        0.0                                 0
649         44.26974753644492        2.23606797749979                                 5
650         44.26974753644492        2.23606797749979                                 5
651         44.26974753644492        2.23606797749979                                 5
652         44.24090069428081        0.0                                 0
653         43.516734406387755        0.0                                 0
654         43.516734406387755        2.23606797749979                                 5
655         43.516734406387755        2.23606797749979                                 5
656         43.516734406387755        2.23606797749979                                 5
657         43.516734406387755        2.23606797749979                                 5
658         43.516734406387755        2.23606797749979                                 5
659         43.48649289153165        0.0                                 0
660         43.48649289153165        2.23606797749979                                 5
661         43.232008987963276        0.0                                 0
662         42.553267611941095        0.0                                 0
663         42.553267611941095        2.23606797749979                                 5
664         42.553267611941095        2.23606797749979                                 5
665         42.553267611941095        2.23606797749979                                 5
666         42.553267611941095        2.23606797749979                                 5
667         42.553267611941095        2.23606797749979                                 5
668         42.553267611941095        2.23606797749979                                 5
669         42.553267611941095        2.23606797749979                                 5
670         42.5525737677047        0.0                                 0
671         42.5525737677047        2.23606797749979                                 5
672         42.5525737677047        2.23606797749979                                 5
673         42.5525737677047        2.23606797749979                                 5
674         42.306228239229455        0.0                                 0
675         42.306228239229455        2.23606797749979                                 5
676         42.306228239229455        2.23606797749979                                 5
677         42.306228239229455        2.23606797749979                                 5
678         42.297258344111384        0.0                                 0
679         42.297258344111384        2.23606797749979                                 5
680         42.297258344111384        2.23606797749979                                 5
681         42.297258344111384        2.23606797749979                                 5
682         42.297258344111384        2.23606797749979                                 5
683         42.297258344111384        2.23606797749979                                 5
684         42.297258344111384        2.23606797749979                                 5
685         41.162624494772885        0.0                                 0
686         38.93635167954231        0.0                                 0
687         38.93635167954231        2.23606797749979                                 5
688         38.93635167954231        2.23606797749979                                 5
689         38.93635167954231        2.23606797749979                                 5
690         35.26118268103237        0.0                                 0
691         35.26118268103237        2.23606797749979                                 5
692         35.26118268103237        2.23606797749979                                 5
693         35.26118268103237        2.23606797749979                                 5
694         35.26118268103237        2.23606797749979                                 5
695         35.26118268103237        2.23606797749979                                 5
696         35.26118268103237        2.23606797749979                                 5
697         35.26118268103237        2.23606797749979                                 5
698         35.26118268103237        2.23606797749979                                 5
699         35.26118268103237        2.23606797749979                                 5
700         35.26118268103237        2.23606797749979                                 5
701         35.26118268103237        2.23606797749979                                 5
702         35.26118268103237        2.23606797749979                                 5
703         35.26118268103237        2.23606797749979                                 5
704         35.26118268103237        2.23606797749979                                 5
705         34.75027028298401        0.0                                 0
706         34.75027028298401        2.23606797749979                                 5
707         34.75027028298401        2.23606797749979                                 5
708         34.75027028298401        2.23606797749979                                 5
709         34.75027028298401        2.23606797749979                                 5
710         34.75027028298401        2.23606797749979                                 5
711         34.75027028298401        2.23606797749979                                 5
712         34.75027028298401        2.23606797749979                                 5
713         34.75027028298401        2.23606797749979                                 5
714         34.75027028298401        2.23606797749979                                 5
715         34.75027028298401        2.23606797749979                                 5
716         34.75027028298401        2.23606797749979                                 5
717         34.75027028298401        2.23606797749979                                 5
718         34.75027028298401        2.23606797749979                                 5
719         34.738932555126226        0.0                                 0
720         34.738932555126226        2.23606797749979                                 5
721         34.738932555126226        2.23606797749979                                 5
722         34.738932555126226        2.23606797749979                                 5
723         34.738932555126226        2.23606797749979                                 5
724         34.738932555126226        1.7320508075688772                                 3
725         34.738932555126226        2.23606797749979                                 5
726         34.738932555126226        2.23606797749979                                 5
727         34.738932555126226        2.23606797749979                                 5
728         34.738932555126226        2.23606797749979                                 5
729         34.738932555126226        2.23606797749979                                 5
730         34.738932555126226        2.23606797749979                                 5
731         34.738932555126226        2.23606797749979                                 5
732         34.72951992109478        0.0                                 0
733         34.72951992109478        2.23606797749979                                 5
734         34.72951992109478        2.23606797749979                                 5
735         34.72951992109478        2.23606797749979                                 5
736         34.72951992109478        2.23606797749979                                 5
737         34.71888689572038        0.0                                 0
738         34.71888689572038        2.23606797749979                                 5
739         34.295981515915685        0.0                                 0
740         33.27414865261528        0.0                                 0
741         33.27414865261528        2.23606797749979                                 5
742         33.27414865261528        2.23606797749979                                 5
743         33.27414865261528        2.23606797749979                                 5
744         33.27414865261528        2.23606797749979                                 5
745         33.27414865261528        2.23606797749979                                 5
746         33.27414865261528        2.23606797749979                                 5
747         33.27414865261528        2.23606797749979                                 5
748         33.27414865261528        2.23606797749979                                 5
749         33.27414865261528        2.23606797749979                                 5
750         33.27414865261528        2.23606797749979                                 5
751         33.07809438113541        0.0                                 0
752         33.07809438113541        2.23606797749979                                 5
753         32.80950236763752        0.0                                 0
754         32.80950236763752        2.23606797749979                                 5
755         32.80950236763752        2.23606797749979                                 5
756         32.752346182757755        0.0                                 0
757         32.752346182757755        2.23606797749979                                 5
758         32.752346182757755        2.23606797749979                                 5
759         32.752346182757755        2.23606797749979                                 5
760         32.752346182757755        2.23606797749979                                 5
761         32.752346182757755        2.23606797749979                                 5
762         32.752346182757755        2.23606797749979                                 5
763         27.143692213855232        0.0                                 0
764         27.143692213855232        1.7320508075688772                                 3
765         27.143692213855232        2.23606797749979                                 5
766         27.143692213855232        2.23606797749979                                 5
767         27.14162168761449        0.0                                 0
768         27.14162168761449        2.23606797749979                                 5
769         27.14162168761449        2.23606797749979                                 5
770         27.14162168761449        2.23606797749979                                 5
771         27.14162168761449        2.23606797749979                                 5
772         27.14162168761449        2.23606797749979                                 5
773         27.14162168761449        2.23606797749979                                 5
774         26.813960773031912        0.0                                 0
775         26.813960773031912        2.23606797749979                                 5
776         26.813960773031912        2.23606797749979                                 5
777         26.813960773031912        2.23606797749979                                 5
778         26.813960773031912        2.23606797749979                                 5
779         26.813960773031912        2.23606797749979                                 5
780         26.813960773031912        2.23606797749979                                 5
781         26.813960773031912        2.23606797749979                                 5
782         26.813960773031912        2.23606797749979                                 5
783         26.813960773031912        1.7320508075688772                                 3
784         26.813960773031912        2.23606797749979                                 5
785         26.813960773031912        2.23606797749979                                 5
786         26.813960773031912        2.23606797749979                                 5
787         26.813568473661526        0.0                                 0
788         26.813568473661526        2.23606797749979                                 5
789         26.813568473661526        2.23606797749979                                 5
790         26.813568473661526        2.23606797749979                                 5
791         26.813568473661526        2.23606797749979                                 5
792         26.813568473661526        2.23606797749979                                 5
793         26.813568473661526        2.23606797749979                                 5
794         26.813568473661526        2.23606797749979                                 5
795         26.813568473661526        2.23606797749979                                 5
796         26.813568473661526        2.23606797749979                                 5
797         26.813568473661526        2.23606797749979                                 5
798         26.813568473661526        2.23606797749979                                 5
799         26.813568473661526        2.23606797749979                                 5
800         26.813568473661526        2.23606797749979                                 5
801         26.813568473661526        2.23606797749979                                 5
802         26.813568473661526        2.23606797749979                                 5
803         26.813568473661526        2.23606797749979                                 5
804         26.813568473661526        2.23606797749979                                 5
805         26.813568473661526        2.23606797749979                                 5
806         26.813568473661526        2.23606797749979                                 5
807         26.813568473661526        2.23606797749979                                 5
808         26.813568473661526        2.23606797749979                                 5
809         26.813568473661526        2.23606797749979                                 5
810         26.793642405206597        0.0                                 0
811         26.793642405206597        2.23606797749979                                 5
812         26.793642405206597        2.23606797749979                                 5
813         26.793642405206597        2.23606797749979                                 5
814         26.59128993524179        0.0                                 0
815         26.59128993524179        2.23606797749979                                 5
816         26.53327707885292        0.0                                 0
817         26.504914924526375        0.0                                 0
818         26.504914924526375        2.23606797749979                                 5
819         26.504914924526375        2.23606797749979                                 5
820         26.504914924526375        2.23606797749979                                 5
821         26.504914924526375        2.23606797749979                                 5
822         26.504914924526375        2.23606797749979                                 5
823         26.49068856797451        0.0                                 0
824         26.49068856797451        2.23606797749979                                 5
825         26.49068856797451        2.23606797749979                                 5
826         26.49068856797451        2.23606797749979                                 5
827         26.49068856797451        2.23606797749979                                 5
828         26.49068856797451        2.23606797749979                                 5
829         26.49068856797451        2.23606797749979                                 5
830         26.49068856797451        2.23606797749979                                 5
831         26.49068856797451        2.23606797749979                                 5
832         26.49068856797451        2.23606797749979                                 5
833         26.49068856797451        2.23606797749979                                 5
834         26.49068856797451        2.23606797749979                                 5
835         26.49068856797451        2.23606797749979                                 5
836         26.49068856797451        2.23606797749979                                 5
837         26.49068856797451        2.23606797749979                                 5
838         26.49068856797451        2.23606797749979                                 5
839         26.49068856797451        2.23606797749979                                 5
840         26.49068856797451        2.23606797749979                                 5
841         26.49068856797451        2.23606797749979                                 5
842         26.49068856797451        2.23606797749979                                 5
843         26.49068856797451        2.23606797749979                                 5
844         26.49068856797451        2.23606797749979                                 5
845         26.49068856797451        2.23606797749979                                 5
846         26.49068856797451        2.23606797749979                                 5
847         26.49068856797451        2.23606797749979                                 5
848         26.49068856797451        2.23606797749979                                 5
849         26.49068856797451        2.23606797749979                                 5
850         26.49068856797451        2.23606797749979                                 5
851         26.49068856797451        2.23606797749979                                 5
852         26.49068856797451        2.23606797749979                                 5
853         26.49068856797451        2.23606797749979                                 5
854         26.49068856797451        2.23606797749979                                 5
855         26.49068856797451        2.23606797749979                                 5
856         26.49068856797451        2.23606797749979                                 5
857         26.49068856797451        2.23606797749979                                 5
858         26.49068856797451        2.23606797749979                                 5
859         26.49068856797451        2.23606797749979                                 5
860         26.49068856797451        2.23606797749979                                 5
861         26.49068856797451        2.23606797749979                                 5
862         26.49068856797451        2.23606797749979                                 5
863         26.49068856797451        2.23606797749979                                 5
864         26.49068856797451        2.23606797749979                                 5
865         26.49068856797451        2.23606797749979                                 5
866         26.49068856797451        2.23606797749979                                 5
867         26.49068856797451        2.23606797749979                                 5
868         26.49068856797451        2.23606797749979                                 5
869         26.49068856797451        2.23606797749979                                 5
870         26.082953919251132        0.0                                 0
871         26.082953919251132        2.23606797749979                                 5
872         26.082953919251132        2.23606797749979                                 5
873         26.033091684343773        0.0                                 0
874         26.033091684343773        2.23606797749979                                 5
875         26.033091684343773        1.7320508075688772                                 3
876         26.033091684343773        2.23606797749979                                 5
877         26.033091684343773        2.23606797749979                                 5
878         26.033091684343773        2.23606797749979                                 5
879         26.033091684343773        2.23606797749979                                 5
880         26.033091684343773        2.23606797749979                                 5
881         26.033091684343773        2.23606797749979                                 5
882         26.033091684343773        2.23606797749979                                 5
883         26.033091684343773        2.23606797749979                                 5
884         26.033091684343773        2.23606797749979                                 5
885         26.033091684343773        2.23606797749979                                 5
886         26.033091684343773        2.23606797749979                                 5
887         26.033091684343773        2.23606797749979                                 5
888         26.033091684343773        2.23606797749979                                 5
889         26.033091684343773        2.23606797749979                                 5
890         26.033091684343773        2.23606797749979                                 5
891         26.033091684343773        2.23606797749979                                 5
892         26.033091684343773        2.23606797749979                                 5
893         26.033091684343773        2.23606797749979                                 5
894         26.033091684343773        2.23606797749979                                 5
895         26.033091684343773        2.23606797749979                                 5
896         26.033091684343773        2.23606797749979                                 5
897         26.033091684343773        2.23606797749979                                 5
898         26.033091684343773        2.23606797749979                                 5
899         25.959445524000518        0.0                                 0
900         25.91879695659435        0.0                                 0
901         25.91879695659435        2.23606797749979                                 5
902         25.91879695659435        2.23606797749979                                 5
903         25.91879695659435        2.23606797749979                                 5
904         25.91879695659435        2.23606797749979                                 5
905         25.91879695659435        2.23606797749979                                 5
906         25.91879695659435        2.23606797749979                                 5
907         25.91879695659435        2.23606797749979                                 5
908         25.89174319681456        0.0                                 0
909         25.89174319681456        1.7320508075688772                                 3
910         25.876265514797304        0.0                                 0
911         25.876265514797304        2.23606797749979                                 5
912         22.748741972402158        0.0                                 0
913         22.748741972402158        2.23606797749979                                 5
914         22.748741972402158        2.23606797749979                                 5
915         22.748741972402158        2.23606797749979                                 5
916         22.748741972402158        2.23606797749979                                 5
917         22.748741972402158        2.23606797749979                                 5
918         22.33339345481122        0.0                                 0
919         22.33339345481122        2.23606797749979                                 5
920         22.33339345481122        2.23606797749979                                 5
921         22.33339345481122        2.23606797749979                                 5
922         22.33339345481122        2.23606797749979                                 5
923         22.33339345481122        2.23606797749979                                 5
924         22.33339345481122        2.23606797749979                                 5
925         22.33339345481122        2.23606797749979                                 5
926         22.33339345481122        2.23606797749979                                 5
927         22.333170054191363        0.0                                 0
928         22.333170054191363        2.23606797749979                                 5
929         22.333170054191363        2.23606797749979                                 5
930         22.249727919259215        0.0                                 0
931         22.249727919259215        2.23606797749979                                 5
932         22.249727919259215        2.23606797749979                                 5
933         22.249727919259215        2.23606797749979                                 5
934         22.249727919259215        2.23606797749979                                 5
935         22.249727919259215        2.23606797749979                                 5
936         22.249727919259215        2.23606797749979                                 5
937         22.249727919259215        2.23606797749979                                 5
938         22.249727919259215        2.23606797749979                                 5
939         22.249727919259215        2.23606797749979                                 5
940         22.249727919259215        2.23606797749979                                 5
941         22.249727919259215        2.23606797749979                                 5
942         22.249727919259215        2.23606797749979                                 5
943         22.249727919259215        2.23606797749979                                 5
944         22.249727919259215        2.23606797749979                                 5
945         22.249727919259215        2.23606797749979                                 5
946         22.249727919259215        2.23606797749979                                 5
947         22.249727919259215        2.23606797749979                                 5
948         22.249727919259215        2.23606797749979                                 5
949         22.249727919259215        2.23606797749979                                 5
950         22.249727919259215        2.23606797749979                                 5
951         22.249727919259215        2.23606797749979                                 5
952         22.249727919259215        2.23606797749979                                 5
953         22.249727919259215        2.23606797749979                                 5
954         22.249727919259215        2.23606797749979                                 5
955         22.249727919259215        2.23606797749979                                 5
956         22.249727919259215        2.23606797749979                                 5
957         22.249727919259215        2.23606797749979                                 5
958         22.249727919259215        2.23606797749979                                 5
959         22.249727919259215        2.23606797749979                                 5
960         22.249727919259215        2.23606797749979                                 5
961         22.249727919259215        2.23606797749979                                 5
962         22.249727919259215        2.23606797749979                                 5
963         22.249727919259215        2.23606797749979                                 5
964         22.249727919259215        2.23606797749979                                 5
965         22.249727919259215        2.23606797749979                                 5
966         22.249727919259215        2.23606797749979                                 5
967         22.249727919259215        2.23606797749979                                 5
968         22.249727919259215        2.23606797749979                                 5
969         22.249727919259215        2.23606797749979                                 5
970         22.249727919259215        2.23606797749979                                 5
971         22.249727919259215        2.23606797749979                                 5
972         22.249727919259215        2.23606797749979                                 5
973         22.249727919259215        1.7320508075688772                                 3
974         22.249727919259215        2.23606797749979                                 5
975         22.238922646800795        0.0                                 0
976         22.238922646800795        2.23606797749979                                 5
977         22.238922646800795        2.23606797749979                                 5
978         22.238922646800795        2.23606797749979                                 5
979         22.238922646800795        2.23606797749979                                 5
980         22.238922646800795        2.23606797749979                                 5
981         22.238922646800795        2.23606797749979                                 5
982         22.238922646800795        2.23606797749979                                 5
983         22.238922646800795        2.23606797749979                                 5
984         22.238922646800795        2.23606797749979                                 5
985         22.238922646800795        2.23606797749979                                 5
986         22.238922646800795        2.23606797749979                                 5
987         22.238922646800795        2.23606797749979                                 5
988         22.183195181165644        0.0                                 0
989         21.98660935597679        0.0                                 0
990         21.98660935597679        2.23606797749979                                 5
991         21.98660935597679        2.23606797749979                                 5
992         21.98660935597679        2.23606797749979                                 5
993         21.98660935597679        2.23606797749979                                 5
994         21.983830734458742        0.0                                 0
995         21.983830734458742        2.23606797749979                                 5
996         21.983830734458742        2.23606797749979                                 5
997         21.983830734458742        2.23606797749979                                 5
998         21.983830734458742        2.23606797749979                                 5
999         21.979873095563512        0.0                                 0
// Funcion: rosenbrock Enfriamiento: exponencial Semilla: 360256920