iteracion  mejor_solucion    distancia_euclidiana                 distancia_hamming
0         3074.9760062579135        0.0                                 0
1         3117.5086666522325        0.0                                 0
2         3101.6699715727987        0.0                                 0
3         3101.6699715727987        0.0                                 0
4         3108.3167441104306        0.0                                 0
5         3200.1682803452777        0.0                                 0
6         3132.2614311678526        0.0                                 0
7         3132.2614311678526        0.0                                 0
8         3132.326350118429        0.0                                 0
9         3138.166620002883        0.0                                 0
10         2728.2656251979633        0.0                                 0
11         2728.2656251979633        0.0                                 0
12         2728.39779798281        0.0                                 0
13         2785.706623949171        0.0                                 0
14         2785.78630134906        0.0                                 0
15         2927.4166104412466        0.0                                 0
16         2927.4166104412466        0.0                                 0
17         2928.0426327616756        0.0                                 0
18         2928.0426327616756        0.0                                 0
19         2927.9515374256894        0.0                                 0
20         2927.9515374256894        2.23606797749979                                 5
21         2900.9263136618124        0.0                                 0
22         2900.9263136618124        2.23606797749979                                 5
23         2900.9263136618124        0.0                                 0
24         2974.2532282403067        0.0                                 0
25         2973.7474068566453        0.0                                 0
26         2973.7474068566453        0.0                                 0
27         3304.302423875662        0.0                                 0
28         3365.74315985743        2.23606797749979                                 5
29         3365.74315985743        2.23606797749979                                 5
30         3365.74315985743        0.0                                 0
31         2943.738177301812        0.0                                 0
32         2855.2692376885343        0.0                                 0
33         2456.0382309520196        0.0                                 0
34         2456.0382309520196        0.0                                 0
35         2460.70214021027        0.0                                 0
36         2471.1340089418863        2.23606797749979                                 5
37         2471.1340089418863        2.23606797749979                                 5
38         2471.1340089418863        0.0                                 0
39         2542.0206706096687        0.0                                 0
40         2568.4176623954263        2.23606797749979                                 5
41         2321.152143684394        0.0                                 0
42         2321.152143684394        1.7320508075688772                                 3
43         2321.152143684394        2.23606797749979                                 5
44         2321.152143684394        2.23606797749979                                 5
45         2321.152143684394        2.23606797749979                                 5
46         2194.085620600724        0.0                                 0
47         2193.0622688200856        0.0                                 0
48         2193.0622688200856        2.23606797749979                                 5
49         2193.0060319045497        0.0                                 0
50         2193.0060319045497        2.23606797749979                                 5
51         2193.0060319045497        0.0                                 0
52         2193.407433171629        0.0                                 0
53         2193.407433171629        2.23606797749979                                 5
54         2193.407433171629        2.23606797749979                                 5
55         2193.407433171629        2.23606797749979                                 5
56         2193.407433171629        2.23606797749979                                 5
57         2193.407433171629        2.23606797749979                                 5
58         2114.8447107618945        0.0                                 0
59         2100.4276141419286        0.0                                 0
60         2049.8372472478272        0.0                                 0
61         2049.4942564120433        0.0                                 0
62         2049.4942564120433        2.23606797749979                                 5
63         2049.4942564120433        2.23606797749979                                 5
64         2049.4942564120433        2.23606797749979                                 5
65         2049.4942564120433        2.23606797749979                                 5
66         2049.0571153484952        0.0                                 0
67         2049.0571153484952        2.23606797749979                                 5
68         2049.0571153484952        2.23606797749979                                 5
69         2049.0571153484952        2.23606797749979                                 5
70         2026.8811284376113        0.0                                 0
71         2026.8811284376113        0.0                                 0
72         2047.3717919364149        0.0                                 0
73         2047.3717919364149        2.23606797749979                                 5
74         2047.3717919364149        2.23606797749979                                 5
75         2047.3717919364149        2.23606797749979                                 5
76         2038.4342548629854        0.0                                 0
77         2038.4342548629854        1.7320508075688772                                 3
78         2038.4342548629854        2.23606797749979                                 5
79         2038.4342548629854        0.0                                 0
80         2041.676893491917        0.0                                 0
81         2010.3595792261387        0.0                                 0
82         1993.1549270912826        0.0                                 0
83         1993.1549270912826        2.23606797749979                                 5
84         1987.3563949271702        0.0                                 0
85         1987.3563949271702        2.23606797749979                                 5
86         1987.3563949271702        0.0                                 0
87         1987.6980940524554        2.23606797749979                                 5
88         1987.6980940524554        2.23606797749979                                 5
89         1596.3671425775995        0.0                                 0
90         1596.3671425775995        2.23606797749979                                 5
91         1596.3671425775995        0.0                                 0
92         1598.6262213683433        2.23606797749979                                 5
93         1598.6262213683433        2.23606797749979                                 5
94         1596.2148301689392        0.0                                 0
95         1596.2148301689392        2.23606797749979                                 5
96         1596.2148301689392        2.23606797749979                                 5
97         1586.3101445779807        0.0                                 0
98         1583.0587676620275        0.0                                 0
99         1583.0587676620275        2.23606797749979                                 5
100         1583.0587676620275        2.23606797749979                                 5
101         1583.0587676620275        2.23606797749979                                 5
102         1583.0587676620275        0.0                                 0
103         1578.5059856874275        0.0                                 0
104         1578.5059856874275        2.23606797749979                                 5
105         1492.4877554024542        0.0                                 0
106         1492.4877554024542        0.0                                 0
107         1468.9938317500275        0.0                                 0
108         1468.9938317500275        2.23606797749979                                 5
109         1468.9938317500275        2.23606797749979                                 5
110         1434.029667709531        0.0                                 0
111         1432.9961075142367        0.0                                 0
112         1432.9961075142367        2.23606797749979                                 5
113         1432.9961075142367        2.23606797749979                                 5
114         1432.9961075142367        2.23606797749979                                 5
115         1432.0869842390368        0.0                                 0
116         1432.0869842390368        2.23606797749979                                 5
117         1432.0869842390368        2.23606797749979                                 5
118         1431.9766941997493        0.0                                 0
119         1431.9766941997493        2.23606797749979                                 5
120         1431.9766941997493        2.23606797749979                                 5
121         1431.9766941997493        2.23606797749979                                 5
122         1407.9031019613492        0.0                                 0
123         1407.9031019613492        2.23606797749979                                 5
124         1407.9031019613492        2.23606797749979                                 5
125         1407.9031019613492        2.23606797749979                                 5
126         1407.9031019613492        0.0                                 0
127         1405.8933912761072        0.0                                 0
128         1246.9764142726872        0.0                                 0
129         1156.1752089893257        0.0                                 0
130         1156.1752089893257        2.23606797749979                                 5
131         1156.1752089893257        2.23606797749979                                 5
132         1156.1752089893257        2.23606797749979                                 5
133         1156.1752089893257        2.23606797749979                                 5
134         1156.1752089893257        2.23606797749979                                 5
135         1156.1752089893257        2.23606797749979                                 5
136         1156.1752089893257        2.23606797749979                                 5
137         1156.1752089893257        2.23606797749979                                 5
138         1156.1752089893257        2.23606797749979                                 5
139         1156.1752089893257        2.23606797749979                                 5
140         1155.650435456986        0.0                                 0
141         1153.103127323754        0.0                                 0
142         1153.103127323754        2.23606797749979                                 5
143         1153.103127323754        2.23606797749979                                 5
144         1153.103127323754        0.0                                 0
145         1111.9503073838227        0.0                                 0
146         1111.9503073838227        2.23606797749979                                 5
147         1111.9503073838227        2.23606797749979                                 5
148         1111.9503073838227        2.23606797749979                                 5
149         1109.1064974058943        0.0                                 0
150         1109.1064974058943        1.7320508075688772                                 3
151         1109.1064974058943        2.23606797749979                                 5
152         1109.1064974058943        2.23606797749979                                 5
153         1109.0341937896035        0.0                                 0
154         1109.0341937896035        2.23606797749979                                 5
155         1109.0341937896035        2.23606797749979                                 5
156         1109.0341937896035        2.23606797749979                                 5
157         1109.0341937896035        2.23606797749979                                 5
158         1109.0341937896035        2.23606797749979                                 5
159         1109.0341937896035        2.23606797749979                                 5
160         1109.0341937896035        2.23606797749979                                 5
161         1108.1797892038358        0.0                                 0
162         1108.1797892038358        2.23606797749979                                 5
163         1107.008443438265        0.0                                 0
164         1107.006616848725        0.0                                 0
165         1107.006616848725        2.23606797749979                                 5
166         1107.006616848725        2.23606797749979                                 5
167         1107.006616848725        2.23606797749979                                 5
168         1106.1397035135512        0.0                                 0
169         1106.1397035135512        2.23606797749979                                 5
170         1106.1397035135512        2.23606797749979                                 5
171         1106.1397035135512        2.23606797749979                                 5
172         1102.5061868337664        0.0                                 0
173         1102.5061868337664        2.23606797749979                                 5
174         1102.5061868337664        2.23606797749979                                 5
175         1102.5061868337664        2.23606797749979                                 5
176         1102.5061868337664        2.23606797749979                                 5
177         1102.5061868337664        2.23606797749979                                 5
178         1102.4877633660942        0.0                                 0
179         1102.4877633660942        2.23606797749979                                 5
180         1102.4877633660942        2.23606797749979                                 5
181         1102.4877633660942        2.23606797749979                                 5
182         1102.4877633660942        2.23606797749979                                 5
183         1102.4877633660942        2.23606797749979                                 5
184         1102.4877633660942        2.23606797749979                                 5
185         1076.964241467998        0.0                                 0
186         1076.964241467998        2.23606797749979                                 5
187         1041.3144138147675        0.0                                 0
188         1041.3144138147675        2.23606797749979                                 5
189         1041.3144138147675        2.23606797749979                                 5
190         1041.3144138147675        2.23606797749979                                 5
191         1041.3144138147675        2.23606797749979                                 5
192         1041.3144138147675        2.23606797749979                                 5
193         1041.3144138147675        2.23606797749979                                 5
194         1040.328572656834        0.0                                 0
195         1039.9178097260462        0.0                                 0
196         893.8021872672039        0.0                                 0
197         881.2652257129818        0.0                                 0
198         881.2652257129818        2.23606797749979                                 5
199         876.4852518530688        0.0                                 0
200         876.4852518530688        2.23606797749979                                 5
201         876.4852518530688        0.0                                 0
202         876.49898030662        2.23606797749979                                 5
203         876.49898030662        2.23606797749979                                 5
204         873.3050697531321        0.0                                 0
205         731.3183341845048        0.0                                 0
206         731.3183341845048        2.23606797749979                                 5
207         731.3183341845048        2.23606797749979                                 5
208         731.3183341845048        2.23606797749979                                 5
209         731.3183341845048        2.23606797749979                                 5
210         731.3183341845048        2.23606797749979                                 5
211         693.9111569351159        0.0                                 0
212         693.1076101970583        0.0                                 0
213         693.1076101970583        2.23606797749979                                 5
214         675.4374159239321        0.0                                 0
215         675.4374159239321        2.23606797749979                                 5
216         675.4374159239321        2.23606797749979                                 5
217         675.4374159239321        2.23606797749979                                 5
218         675.4374159239321        2.23606797749979                                 5
219         675.4374159239321        2.23606797749979                                 5
220         675.4374159239321        2.23606797749979                                 5
221         675.4374159239321        2.23606797749979                                 5
222         675.4374159239321        2.23606797749979                                 5
223         675.4374159239321        2.23606797749979                                 5
224         675.4374159239321        2.23606797749979                                 5
225         675.4374159239321        2.23606797749979                                 5
226         675.4374159239321        2.23606797749979                                 5
227         675.4374159239321        2.23606797749979                                 5
228         675.4374159239321        2.23606797749979                                 5
229         675.4374159239321        2.23606797749979                                 5
230         675.4374159239321        2.23606797749979                                 5
231         675.4374159239321        2.23606797749979                                 5
232         675.4374159239321        2.23606797749979                                 5
233         675.4374159239321        2.23606797749979                                 5
234         675.3898415318894        0.0                                 0
235         675.3898415318894        2.23606797749979                                 5
236         675.3898415318894        1.7320508075688772                                 3
237         675.3898415318894        2.23606797749979                                 5
238         669.4627384222376        0.0                                 0
239         669.4627384222376        2.23606797749979                                 5
240         669.4627384222376        2.23606797749979                                 5
241         669.4627384222376        2.23606797749979                                 5
242         669.4627384222376        2.23606797749979                                 5
243         669.4627384222376        2.23606797749979                                 5
244         669.4627384222376        2.23606797749979                                 5
245         669.4627384222376        2.23606797749979                                 5
246         669.4627384222376        2.23606797749979                                 5
247         669.4627384222376        2.23606797749979                                 5
248         669.4627384222376        2.23606797749979                                 5
249         669.4627384222376        2.23606797749979                                 5
250         669.4627384222376        2.23606797749979                                 5
251         669.4627384222376        2.23606797749979                                 5
252         669.4627384222376        2.23606797749979                                 5
253         663.4461223092742        0.0                                 0
254         640.901224238163        0.0                                 0
255         640.901224238163        2.23606797749979                                 5
256         640.8918048396996        0.0                                 0
257         640.8918048396996        2.23606797749979                                 5
258         640.8918048396996        2.23606797749979                                 5
259         640.8918048396996        2.23606797749979                                 5
260         640.8918048396996        2.23606797749979                                 5
261         640.8918048396996        2.23606797749979                                 5
262         640.8918048396996        2.23606797749979                                 5
263         640.8918048396996        2.23606797749979                                 5
264         640.8918048396996        2.23606797749979                                 5
265         640.8918048396996        2.23606797749979                                 5
266         640.8918048396996        2.23606797749979                                 5
267         640.8918048396996        2.23606797749979                                 5
268         640.8918048396996        2.23606797749979                                 5
269         640.8918048396996        2.23606797749979                                 5
270         640.8918048396996        2.23606797749979                                 5
271         640.8918048396996        2.23606797749979                                 5
272         638.4978693407835        0.0                                 0
273         638.4978693407835        2.23606797749979                                 5
274         638.4978693407835        2.23606797749979                                 5
275         638.4978693407835        2.23606797749979                                 5
276         638.4978693407835        2.23606797749979                                 5
277         638.4978693407835        2.23606797749979                                 5
278         638.4978693407835        2.23606797749979                                 5
279         638.4978693407835        2.23606797749979                                 5
280         638.4978693407835        2.23606797749979                                 5
281         638.4978693407835        2.23606797749979                                 5
282         638.4978693407835        2.23606797749979                                 5
283         586.2384411523685        0.0                                 0
284         586.2384411523685        2.23606797749979                                 5
285         586.2384411523685        2.23606797749979                                 5
286         586.2384411523685        2.23606797749979                                 5
287         586.2384411523685        2.23606797749979                                 5
288         586.2384411523685        2.23606797749979                                 5
289         575.9270067833725        0.0                                 0
290         575.9270067833725        2.23606797749979                                 5
291         575.9270067833725        2.23606797749979                                 5
292         575.9270067833725        2.23606797749979                                 5
293         575.9270067833725        2.23606797749979                                 5
294         563.8181495934983        0.0                                 0
295         563.8181495934983        2.23606797749979                                 5
296         563.8181495934983        2.23606797749979                                 5
297         563.8181495934983        2.23606797749979                                 5
298         563.8181495934983        2.23606797749979                                 5
299         563.8181495934983        2.23606797749979                                 5
300         563.8181495934983        2.23606797749979                                 5
301         563.3704487725305        0.0                                 0
302         563.3704487725305        2.23606797749979                                 5
303         563.3704487725305        2.23606797749979                                 5
304         563.3704487725305        2.23606797749979                                 5
305         563.3704487725305        2.23606797749979                                 5
306         563.3704487725305        2.23606797749979                                 5
307         563.3704487725305        2.23606797749979                                 5
308         562.3717944373146        0.0                                 0
309         562.3717944373146        2.23606797749979                                 5
310         562.3717944373146        2.23606797749979                                 5
311         562.3717944373146        2.23606797749979                                 5
312         562.3717944373146        2.23606797749979                                 5
313         562.3717944373146        2.23606797749979                                 5
314         559.3657694708954        0.0                                 0
315         559.3657694708954        2.23606797749979                                 5
316         559.3657694708954        2.23606797749979                                 5
317         559.3657694708954        2.23606797749979                                 5
318         559.3657694708954        1.7320508075688772                                 3
319         545.3736197169393        0.0                                 0
320         545.3736197169393        2.23606797749979                                 5
321         545.3736197169393        2.23606797749979                                 5
322         485.42493574291467        0.0                                 0
323         485.42493574291467        2.23606797749979                                 5
324         485.42493574291467        2.23606797749979                                 5
325         485.42493574291467        2.23606797749979                                 5
326         485.42493574291467        2.23606797749979                                 5
327         369.9777371848966        0.0                                 0
328         369.9777371848966        2.23606797749979                                 5
329         369.9777371848966        2.23606797749979                                 5
330         369.9777371848966        2.23606797749979                                 5
331         367.50408301756727        0.0                                 0
332         367.50408301756727        2.23606797749979                                 5
333         367.2028789570319        0.0                                 0
334         367.2028789570319        2.23606797749979                                 5
335         367.2028789570319        2.23606797749979                                 5
336         364.41908169719915        0.0                                 0
337         364.41908169719915        2.23606797749979                                 5
338         364.41908169719915        2.23606797749979                                 5
339         364.41908169719915        2.23606797749979                                 5
340         364.41908169719915        2.23606797749979                                 5
341         364.41908169719915        2.23606797749979                                 5
342         364.41908169719915        2.23606797749979                                 5
343         364.41908169719915        2.23606797749979                                 5
344         364.41908169719915        2.23606797749979                                 5
345         360.29776449946803        0.0                                 0
346         360.29776449946803        2.23606797749979                                 5
347         360.25243554332565        0.0                                 0
348         360.25243554332565        2.23606797749979                                 5
349         360.25243554332565        2.23606797749979                                 5
350         360.25243554332565        2.23606797749979                                 5
351         360.25243554332565        2.23606797749979                                 5
352         360.25243554332565        2.23606797749979                                 5
353         360.25243554332565        2.23606797749979                                 5
354         360.25243554332565        2.23606797749979                                 5
355         359.09259282330527        0.0                                 0
356         359.09259282330527        2.23606797749979                                 5
357         359.09259282330527        2.23606797749979                                 5
358         357.9038008043328        0.0                                 0
359         357.9038008043328        2.23606797749979                                 5
360         357.9038008043328        2.23606797749979                                 5
361         357.9038008043328        2.23606797749979                                 5
362         357.9038008043328        2.23606797749979                                 5
363         357.9038008043328        2.23606797749979                                 5
364         357.9038008043328        2.23606797749979                                 5
365         357.9038008043328        2.23606797749979                                 5
366         357.9038008043328        2.23606797749979                                 5
367         357.9038008043328        2.23606797749979                                 5
368         357.9038008043328        2.23606797749979                                 5
369         357.9038008043328        2.23606797749979                                 5
370         357.9038008043328        2.23606797749979                                 5
371         357.9038008043328        2.23606797749979                                 5
372         357.9038008043328        2.23606797749979                                 5
373         356.78143857861954        0.0                                 0
374         356.78143857861954        2.23606797749979                                 5
375         332.58977561433403        0.0                                 0
376         332.3884585117688        0.0                                 0
377         322.29936238478945        0.0                                 0
378         322.29936238478945        2.23606797749979                                 5
379         322.29936238478945        2.23606797749979                                 5
380         322.29936238478945        2.23606797749979                                 5
381         322.27420516869995        0.0                                 0
382         322.27420516869995        2.23606797749979                                 5
383         322.27420516869995        2.23606797749979                                 5
384         322.27420516869995        2.23606797749979                                 5
385         322.27420516869995        2.23606797749979                                 5
386         322.27420516869995        2.23606797749979                                 5
387         322.27420516869995        2.23606797749979                                 5
388         317.40985436068064        0.0                                 0
389         317.40985436068064        2.23606797749979                                 5
390         315.85769623284364        0.0                                 0
391         315.85769623284364        2.23606797749979                                 5
392         315.85769623284364        2.23606797749979                                 5
393         315.85769623284364        2.23606797749979                                 5
394         315.85769623284364        2.23606797749979                                 5
395         315.85769623284364        2.23606797749979                                 5
396         315.85769623284364        2.23606797749979                                 5
397         315.85769623284364        2.23606797749979                                 5
398         315.85769623284364        2.23606797749979                                 5
399         315.85769623284364        2.23606797749979                                 5
400         315.85769623284364        2.23606797749979                                 5
401         315.85769623284364        2.23606797749979                                 5
402         315.85769623284364        2.23606797749979                                 5
403         315.85769623284364        2.23606797749979                                 5
404         315.85769623284364        1.7320508075688772                                 3
405         315.85769623284364        2.23606797749979                                 5
406         314.9093959951585        0.0                                 0
407         314.9093959951585        2.23606797749979                                 5
408         314.9093959951585        2.23606797749979                                 5
409         314.9093959951585        2.23606797749979                                 5
410         314.9093959951585        2.23606797749979                                 5
411         314.9093959951585        2.23606797749979                                 5
412         314.9093959951585        2.23606797749979                                 5
413         314.9093959951585        2.23606797749979                                 5
414         314.9093959951585        2.23606797749979                                 5
415         314.9093959951585        2.23606797749979                                 5
416         314.9093959951585        2.23606797749979                                 5
417         312.2745708625737        0.0                                 0
418         312.2745708625737        2.23606797749979                                 5
419         312.2745708625737        2.23606797749979                                 5
420         312.2745708625737        2.23606797749979                                 5
421         312.2745708625737        2.23606797749979                                 5
422         312.2745708625737        2.23606797749979                                 5
423         312.151441504297        0.0                                 0
424         312.151441504297        2.23606797749979                                 5
425         312.151441504297        2.23606797749979                                 5
426         312.151441504297        2.23606797749979                                 5
427         312.151441504297        2.23606797749979                                 5
428         312.151441504297        2.23606797749979                                 5
429         312.151441504297        2.23606797749979                                 5
430         312.151441504297        1.7320508075688772                                 3
431         312.151441504297        2.23606797749979                                 5
432         312.151441504297        2.23606797749979                                 5
433         312.151441504297        2.23606797749979                                 5
434         312.151441504297        2.23606797749979                                 5
435         312.151441504297        2.23606797749979                                 5
436         312.151441504297        2.23606797749979                                 5
437         310.85438812094657        0.0                                 0
438         307.29822558612904        0.0                                 0
439         307.29822558612904        2.23606797749979                                 5
440         307.29822558612904        2.23606797749979                                 5
441         307.29822558612904        2.23606797749979                                 5
442         307.29822558612904        2.23606797749979                                 5
443         307.29822558612904        2.23606797749979                                 5
444         307.2614899460956        0.0                                 0
445         307.2614899460956        2.23606797749979                                 5
446         307.2614899460956        2.23606797749979                                 5
447         307.2614899460956        2.23606797749979                                 5
448         307.2614899460956        2.23606797749979                                 5
449         307.2614899460956        2.23606797749979                                 5
450         305.52018897710445        0.0                                 0
451         305.52018897710445        2.23606797749979                                 5
452         305.52018897710445        2.23606797749979                                 5
453         305.52018897710445        2.23606797749979                                 5
454         302.2420863419941        0.0                                 0
455         302.2420863419941        2.23606797749979                                 5
456         302.2420863419941        2.23606797749979                                 5
457         302.2420863419941        2.23606797749979                                 5
458         302.2420863419941        2.23606797749979                                 5
459         302.2420863419941        2.23606797749979                                 5
460         302.2420863419941        2.23606797749979                                 5
461         302.2420863419941        2.23606797749979                                 5
462         302.2420863419941        2.23606797749979                                 5
463         302.2420863419941        2.23606797749979                                 5
464         302.2420863419941        2.23606797749979                                 5
465         302.2420863419941        2.23606797749979                                 5
466         302.2420863419941        2.23606797749979                                 5
467         302.2420863419941        2.23606797749979                                 5
468         302.2420863419941        2.23606797749979                                 5
469         301.72197356942536        0.0                                 0
470         301.72197356942536        1.7320508075688772                                 3
471         301.72197356942536        2.23606797749979                                 5
472         301.68696741269815        0.0                                 0
473         301.68696741269815        2.23606797749979                                 5
474         301.68696741269815        2.23606797749979                                 5
475         301.68696741269815        2.23606797749979                                 5
476         301.68696741269815        2.23606797749979                                 5
477         301.68696741269815        2.23606797749979                                 5
478         301.68696741269815        2.23606797749979                                 5
479         301.68696741269815        2.23606797749979                                 5
480         301.68696741269815        2.23606797749979                                 5
481         301.68696741269815        2.23606797749979                                 5
482         301.68696741269815        2.23606797749979                                 5
483         301.68696741269815        2.23606797749979                                 5
484         301.68696741269815        1.7320508075688772                                 3
485         301.68696741269815        2.23606797749979                                 5
486         301.68696741269815        2.23606797749979                                 5
487         301.68696741269815        2.23606797749979                                 5
488         301.68696741269815        2.23606797749979                                 5
489         301.68696741269815        2.23606797749979                                 5
490         300.96738134361215        0.0                                 0
491         300.96738134361215        2.23606797749979                                 5
492         300.96738134361215        2.23606797749979                                 5
493         300.96738134361215        2.23606797749979                                 5
494         300.96738134361215        2.23606797749979                                 5
495         300.96738134361215        2.23606797749979                                 5
496         300.96738134361215        2.23606797749979                                 5
497         300.96738134361215        2.23606797749979                                 5
498         300.96738134361215        2.23606797749979                                 5
499         300.96738134361215        2.23606797749979                                 5
500         276.15462506944914        0.0                                 0
501         276.15462506944914        2.23606797749979                                 5
502         276.15462506944914        2.23606797749979                                 5
503         276.15462506944914        2.23606797749979                                 5
504         276.15462506944914        2.23606797749979                                 5
505         276.15462506944914        2.23606797749979                                 5
506         276.15462506944914        2.23606797749979                                 5
507         276.15462506944914        2.23606797749979                                 5
508         276.15462506944914        2.23606797749979                                 5
509         276.15462506944914        2.23606797749979                                 5
510         276.15462506944914        2.23606797749979                                 5
511         275.60034550230586        0.0                                 0
512         275.60034550230586        2.23606797749979                                 5
513         275.60034550230586        2.23606797749979                                 5
514         275.60034550230586        2.23606797749979                                 5
515         275.60034550230586        2.23606797749979                                 5
516         275.60034550230586        2.23606797749979                                 5
517         275.30644928931844        0.0                                 0
518         275.30644928931844        2.23606797749979                                 5
519         275.30644928931844        2.23606797749979                                 5
520         275.30644928931844        2.23606797749979                                 5
521         275.05020710554703        0.0                                 0
522         274.75954523760936        0.0                                 0
523         274.75954523760936        2.23606797749979                                 5
524         274.75954523760936        2.23606797749979                                 5
525         274.75954523760936        2.23606797749979                                 5
526         274.75954523760936        2.23606797749979                                 5
527         274.75954523760936        2.23606797749979                                 5
528         274.75954523760936        2.23606797749979                                 5
529         274.75954523760936        2.23606797749979                                 5
530         274.75954523760936        2.23606797749979                                 5
531         274.75954523760936        2.23606797749979                                 5
532         274.75954523760936        2.23606797749979                                 5
533         274.75954523760936        2.23606797749979                                 5
534         274.75954523760936        2.23606797749979                                 5
535         274.75954523760936        2.23606797749979                                 5
536         274.75954523760936        2.23606797749979                                 5
537         274.75954523760936        2.23606797749979                                 5
538         274.75954523760936        2.23606797749979                                 5
539         274.75954523760936        2.23606797749979                                 5
540         274.75954523760936        2.23606797749979                                 5
541         274.75954523760936        2.23606797749979                                 5
542         274.75954523760936        2.23606797749979                                 5
543         274.75954523760936        2.23606797749979                                 5
544         274.75954523760936        1.7320508075688772                                 3
545         274.75954523760936        2.23606797749979                                 5
546         274.75954523760936        2.23606797749979                                 5
547         274.75954523760936        2.23606797749979                                 5
548         274.75954523760936        2.23606797749979                                 5
549         274.75954523760936        2.23606797749979                                 5
550         274.75954523760936        2.23606797749979                                 5
551         274.75954523760936        2.23606797749979                                 5
552         274.75954523760936        2.23606797749979                                 5
553         274.75954523760936        2.23606797749979                                 5
554         274.75954523760936        2.23606797749979                                 5
555         274.75954523760936        2.23606797749979                                 5
556         274.75954523760936        2.23606797749979                                 5
557         231.99187931303877        0.0                                 0
558         210.79753446842773        0.0                                 0
559         206.0431757838591        0.0                                 0
560         206.0431757838591        2.23606797749979                                 5
561         206.0431757838591        2.23606797749979                                 5
562         206.0431757838591        2.23606797749979                                 5
563         206.0431757838591        2.23606797749979                                 5
564         204.76654255707834        0.0                                 0
565         204.76654255707834        2.23606797749979                                 5
566         204.76654255707834        2.23606797749979                                 5
567         204.76654255707834        2.23606797749979                                 5
568         204.76654255707834        2.23606797749979                                 5
569         204.76654255707834        2.23606797749979                                 5
570         204.76654255707834        2.23606797749979                                 5
571         204.76654255707834        2.23606797749979                                 5
572         204.76654255707834        2.23606797749979                                 5
573         204.76654255707834        2.23606797749979                                 5
574         204.76654255707834        2.23606797749979                                 5
575         204.76654255707834        2.23606797749979                                 5
576         204.76654255707834        2.23606797749979                                 5
577         204.76654255707834        2.23606797749979                                 5
578         204.76654255707834        2.23606797749979                                 5
579         204.76654255707834        2.23606797749979                                 5
580         204.76654255707834        2.23606797749979                                 5
581         202.80502570566654        0.0                                 0
582         202.80502570566654        2.23606797749979                                 5
583         202.80502570566654        2.23606797749979                                 5
584         202.80502570566654        2.23606797749979                                 5
585         202.4993987332138        0.0                                 0
586         202.4993987332138        2.23606797749979                                 5
587         202.4993987332138        2.23606797749979                                 5
588         202.4993987332138        2.23606797749979                                 5
589         201.0788635598301        0.0                                 0
590         200.87298455628678        0.0                                 0
591         200.87298455628678        2.23606797749979                                 5
592         200.87298455628678        2.23606797749979                                 5
593         200.87298455628678        2.23606797749979                                 5
594         171.7459650657971        0.0                                 0
595         171.7459650657971        2.23606797749979                                 5
596         171.7459650657971        2.23606797749979                                 5
597         171.7459650657971        2.23606797749979                                 5
598         171.7459650657971        2.23606797749979                                 5
599         171.7459650657971        2.23606797749979                                 5
600         171.7459650657971        2.23606797749979                                 5
601         165.42466266847205        0.0                                 0
602         165.42466266847205        2.23606797749979                                 5
603         165.42466266847205        2.23606797749979                                 5
604         165.42466266847205        2.23606797749979                                 5
605         165.42466266847205        2.23606797749979                                 5
606         165.42466266847205        2.23606797749979                                 5
607         165.42466266847205        2.23606797749979                                 5
608         165.42466266847205        2.23606797749979                                 5
609         165.42466266847205        2.23606797749979                                 5
610         165.42466266847205        2.23606797749979                                 5
611         165.42466266847205        2.23606797749979                                 5
612         154.18525408021543        0.0                                 0
613         154.18525408021543        2.23606797749979                                 5
614         154.18525408021543        2.23606797749979                                 5
615         154.18525408021543        2.23606797749979                                 5
616         154.18525408021543        2.23606797749979                                 5
617         154.0738209821264        0.0                                 0
618         154.0738209821264        2.23606797749979                                 5
619         154.0738209821264        2.23606797749979                                 5
620         154.0738209821264        2.23606797749979                                 5
621         154.0738209821264        2.23606797749979                                 5
622         154.0738209821264        2.23606797749979                                 5
623         154.03107261190476        0.0                                 0
624         151.35103700123454        0.0                                 0
625         149.14723141925535        0.0                                 0
626         149.14723141925535        2.23606797749979                                 5
627         149.14723141925535        2.23606797749979                                 5
628         149.14723141925535        2.23606797749979                                 5
629         149.14723141925535        2.23606797749979                                 5
630         149.14723141925535        2.23606797749979                                 5
631         149.14723141925535        2.23606797749979                                 5
632         149.14723141925535        2.23606797749979                                 5
633         149.14723141925535        2.23606797749979                                 5
634         149.14723141925535        2.23606797749979                                 5
635         149.14723141925535        2.23606797749979                                 5
636         149.14723141925535        2.23606797749979                                 5
637         149.14723141925535        2.23606797749979                                 5
638         149.14723141925535        2.23606797749979                                 5
639         149.14723141925535        2.23606797749979                                 5
640         149.14723141925535        2.23606797749979                                 5
641         149.14723141925535        2.23606797749979                                 5
642         149.14723141925535        2.23606797749979                                 5
643         149.14723141925535        2.23606797749979                                 5
644         149.14723141925535        2.23606797749979                                 5
645         149.14723141925535        2.23606797749979                                 5
646         149.14723141925535        2.23606797749979                                 5
647         149.14723141925535        2.23606797749979                                 5
648         149.14723141925535        2.23606797749979                                 5
649         149.14723141925535        2.23606797749979                                 5
650         149.14723141925535        2.23606797749979                                 5
651         149.14723141925535        2.23606797749979                                 5
652         147.27573392484538        0.0                                 0
653         147.27573392484538        2.23606797749979                                 5
654         147.27573392484538        2.23606797749979                                 5
655         147.27573392484538        2.23606797749979                                 5
656         147.27573392484538        2.23606797749979                                 5
657         147.27573392484538        2.23606797749979                                 5
658         147.27573392484538        2.23606797749979                                 5
659         147.27573392484538        2.23606797749979                                 5
660         147.177623296924        0.0                                 0
661         147.177623296924        2.23606797749979                                 5
662         147.177623296924        2.23606797749979                                 5
663         147.177623296924        2.23606797749979                                 5
664         147.1037307932829        0.0                                 0
665         147.1037307932829        2.23606797749979                                 5
666         147.1037307932829        2.23606797749979                                 5
667         147.1037307932829        2.23606797749979                                 5
668         147.1037307932829        2.23606797749979                                 5
669         147.04056260586938        0.0                                 0
670         147.04056260586938        2.23606797749979                                 5
671         147.04056260586938        2.23606797749979                                 5
672         147.04056260586938        2.23606797749979                                 5
673         147.04056260586938        2.23606797749979                                 5
674         146.85443144034687        0.0                                 0
675         146.85443144034687        2.23606797749979                                 5
676         146.85443144034687        2.23606797749979                                 5
677         146.85443144034687        2.23606797749979                                 5
678         146.85443144034687        2.23606797749979                                 5
679         146.85443144034687        2.23606797749979                                 5
680         146.85443144034687        2.23606797749979                                 5
681         146.85443144034687        2.23606797749979                                 5
682         146.85443144034687        2.23606797749979                                 5
683         146.85443144034687        2.23606797749979                                 5
684         146.85443144034687        2.23606797749979                                 5
685         146.85443144034687        2.23606797749979                                 5
686         146.85443144034687        2.23606797749979                                 5
687         146.85443144034687        1.7320508075688772                                 3
688         146.85443144034687        2.23606797749979                                 5
689         146.85443144034687        2.23606797749979                                 5
690         146.85443144034687        2.23606797749979                                 5
691         146.85443144034687        2.23606797749979                                 5
692         146.85443144034687        2.23606797749979                                 5
693         146.85443144034687        2.23606797749979                                 5
694         146.85443144034687        2.23606797749979                                 5
695         146.85443144034687        2.23606797749979                                 5
696         140.36470538486066        0.0                                 0
697         140.36470538486066        2.23606797749979                                 5
698         140.36470538486066        2.23606797749979                                 5
699         140.36470538486066        2.23606797749979                                 5
700         140.36470538486066        2.23606797749979                                 5
701         140.36470538486066        2.23606797749979                                 5
702         140.3611266763515        0.0                                 0
703         140.12768206939924        0.0                                 0
704         140.12768206939924        2.23606797749979                                 5
705         140.12768206939924        2.23606797749979                                 5
706         140.12768206939924        2.23606797749979                                 5
707         140.12768206939924        1.7320508075688772                                 3
708         140.12768206939924        2.23606797749979                                 5
709         140.12768206939924        2.23606797749979                                 5
710         140.12768206939924        2.23606797749979                                 5
711         140.12768206939924        2.23606797749979                                 5
712         140.12768206939924        2.23606797749979                                 5
713         140.12768206939924        1.7320508075688772                                 3
714         140.12768206939924        2.23606797749979                                 5
715         140.12768206939924        2.23606797749979                                 5
716         140.12768206939924        2.23606797749979                                 5
717         140.12768206939924        2.23606797749979                                 5
718         140.12768206939924        2.23606797749979                                 5
719         135.1017377889564        0.0                                 0
720         135.1017377889564        2.23606797749979                                 5
721         135.1017377889564        2.23606797749979                                 5
722         135.1017377889564        2.23606797749979                                 5
723         135.1017377889564        2.23606797749979                                 5
724         135.1017377889564        2.23606797749979                                 5
725         135.1017377889564        2.23606797749979                                 5
726         109.47421685594402        0.0                                 0
727         109.47421685594402        2.23606797749979                                 5
728         105.89615830761527        0.0                                 0
729         105.89615830761527        2.23606797749979                                 5
730         105.89615830761527        2.23606797749979                                 5
731         105.89615830761527        2.23606797749979                                 5
732         105.7809599902583        0.0                                 0
733         105.7809599902583        2.23606797749979                                 5
734         105.7809599902583        2.23606797749979                                 5
735         105.7809599902583        2.23606797749979                                 5
736         105.7809599902583        2.23606797749979                                 5
737         105.7809599902583        2.23606797749979                                 5
738         105.7809599902583        2.23606797749979                                 5
739         105.7809599902583        2.23606797749979                                 5
740         105.7809599902583        2.23606797749979                                 5
741         105.7809599902583        2.23606797749979                                 5
742         105.7809599902583        2.23606797749979                                 5
743         105.7809599902583        2.23606797749979                                 5
744         105.7809599902583        2.23606797749979                                 5
745         105.7809599902583        2.23606797749979                                 5
746         105.7809599902583        2.23606797749979                                 5
747         105.7809599902583        2.23606797749979                                 5
748         105.78068397604827        0.0                                 0
749         105.78068397604827        2.23606797749979                                 5
750         105.78068397604827        2.23606797749979                                 5
751         105.78068397604827        2.23606797749979                                 5
752         105.78068397604827        2.23606797749979                                 5
753         95.54547398353483        0.0                                 0
754         95.54547398353483        2.23606797749979                                 5
755         95.54547398353483        2.23606797749979                                 5
756         95.54547398353483        2.23606797749979                                 5
757         95.54547398353483        2.23606797749979                                 5
758         95.54547398353483        2.23606797749979                                 5
759         95.54547398353483        2.23606797749979                                 5
760         94.8785042550436        0.0                                 0
761         94.8785042550436        2.23606797749979                                 5
762         94.8785042550436        2.23606797749979                                 5
763         94.8785042550436        2.23606797749979                                 5
764         94.8785042550436        2.23606797749979                                 5
765         94.8785042550436        2.23606797749979                                 5
766         94.8785042550436        2.23606797749979                                 5
767         94.8785042550436        2.23606797749979                                 5
768         94.8785042550436        2.23606797749979                                 5
769         94.8785042550436        2.23606797749979                                 5
770         94.8785042550436        2.23606797749979                                 5
771         94.8785042550436        2.23606797749979                                 5
772         94.8785042550436        2.23606797749979                                 5
773         94.34133677875116        0.0                                 0
774         94.34133677875116        2.23606797749979                                 5
775         94.34133677875116        2.23606797749979                                 5
776         94.34133677875116        2.23606797749979                                 5
777         94.34133677875116        2.23606797749979                                 5
778         94.34133677875116        2.23606797749979                                 5
779         94.34133677875116        2.23606797749979                                 5
780         94.34133677875116        2.23606797749979                                 5
781         94.34133677875116        2.23606797749979                                 5
782         93.9897431595618        0.0                                 0
783         93.9897431595618        2.23606797749979                                 5
784         93.9897431595618        2.23606797749979                                 5
785         93.9897431595618        2.23606797749979                                 5
786         93.9897431595618        2.23606797749979                                 5
787         93.9897431595618        2.23606797749979                                 5
788         93.9897431595618        2.23606797749979                                 5
789         93.9897431595618        2.23606797749979                                 5
790         93.9897431595618        2.23606797749979                                 5
791         93.9897431595618        2.23606797749979                                 5
792         93.92316028577532        0.0                                 0
793         93.92316028577532        2.23606797749979                                 5
794         93.92316028577532        2.23606797749979                                 5
795         93.92316028577532        2.23606797749979                                 5
796         93.92316028577532        2.23606797749979                                 5
797         93.92316028577532        2.23606797749979                                 5
798         93.92316028577532        2.23606797749979                                 5
799         93.92316028577532        2.23606797749979                                 5
800         93.92316028577532        2.23606797749979                                 5
801         93.92316028577532        2.23606797749979                                 5
802         93.92316028577532        2.23606797749979                                 5
803         93.92316028577532        2.23606797749979                                 5
804         93.92316028577532        2.23606797749979                                 5
805         93.92316028577532        2.23606797749979                                 5
806         90.69498903856282        0.0                                 0
807         90.69498903856282        2.23606797749979                                 5
808         90.69498903856282        2.23606797749979                                 5
809         90.69498903856282        2.23606797749979                                 5
810         85.5835202993428        0.0                                 0
811         85.5835202993428        2.23606797749979                                 5
812         85.5835202993428        2.23606797749979                                 5
813         85.5835202993428        2.23606797749979                                 5
814         85.5835202993428        2.23606797749979                                 5
815         85.5835202993428        2.23606797749979                                 5
816         85.5835202993428        2.23606797749979                                 5
817         85.5835202993428        2.23606797749979                                 5
818         85.5835202993428        2.23606797749979                                 5
819         85.5835202993428        2.23606797749979                                 5
820         85.5835202993428        2.23606797749979                                 5
821         85.5835202993428        2.23606797749979                                 5
822         85.5835202993428        2.23606797749979                                 5
823         85.5835202993428        2.23606797749979                                 5
824         85.5835202993428        2.23606797749979                                 5
825         85.5835202993428        2.23606797749979                                 5
826         85.5835202993428        2.23606797749979                                 5
827         85.28622011107463        0.0                                 0
828         85.28622011107463        2.23606797749979                                 5
829         85.28622011107463        2.23606797749979                                 5
830         85.28622011107463        2.23606797749979                                 5
831         85.28622011107463        2.23606797749979                                 5
832         85.28622011107463        2.23606797749979                                 5
833         85.25748560530256        0.0                                 0
834         85.25748560530256        2.23606797749979                                 5
835         85.25748560530256        2.23606797749979                                 5
836         85.25748560530256        2.23606797749979                                 5
837         85.25748560530256        2.23606797749979                                 5
838         85.25748560530256        2.23606797749979                                 5
839         85.25748560530256        2.23606797749979                                 5
840         85.25748560530256        2.23606797749979                                 5
841         85.25748560530256        2.23606797749979                                 5
842         85.25748560530256        2.23606797749979                                 5
843         85.25748560530256        2.23606797749979                                 5
844         85.25748560530256        2.23606797749979                                 5
845         85.25748560530256        2.23606797749979                                 5
846         85.25748560530256        2.23606797749979                                 5
847         85.25748560530256        2.23606797749979                                 5
848         85.11288763732615        0.0                                 0
849         85.11288763732615        2.23606797749979                                 5
850         85.11288763732615        2.23606797749979                                 5
851         85.11288763732615        2.23606797749979                                 5
852         85.11288763732615        2.23606797749979                                 5
853         85.11288763732615        2.23606797749979                                 5
854         85.11288763732615        2.23606797749979                                 5
855         85.11288763732615        2.23606797749979                                 5
856         84.70970243254926        0.0                                 0
857         83.72522214894325        0.0                                 0
858         83.72522214894325        2.23606797749979                                 5
859         83.72522214894325        2.23606797749979                                 5
860         83.72522214894325        2.23606797749979                                 5
861         83.72522214894325        2.23606797749979                                 5
862         83.72522214894325        2.23606797749979                                 5
863         83.72522214894325        2.23606797749979                                 5
864         83.72522214894325        2.23606797749979                                 5
865         83.72522214894325        2.23606797749979                                 5
866         83.72522214894325        2.23606797749979                                 5
867         83.72522214894325        2.23606797749979                                 5
868         83.72522214894325        2.23606797749979                                 5
869         83.72522214894325        2.23606797749979                                 5
870         83.72522214894325        2.23606797749979                                 5
871         83.72522214894325        2.23606797749979                                 5
872         83.72522214894325        2.23606797749979                                 5
873         69.94659607527858        0.0                                 0
874         69.94659607527858        2.23606797749979                                 5
875         69.94659607527858        2.23606797749979                                 5
876         69.94659607527858        2.23606797749979                                 5
877         69.94659607527858        2.23606797749979                                 5
878         69.94659607527858        2.23606797749979                                 5
879         69.94659607527858        2.23606797749979                                 5
880         69.94659607527858        2.23606797749979                                 5
881         69.94659607527858        2.23606797749979                                 5
882         69.94659607527858        2.23606797749979                                 5
883         69.94659607527858        2.23606797749979                                 5
884         69.94659607527858        2.23606797749979                                 5
885         69.94659607527858        2.23606797749979                                 5
886         69.94659607527858        2.23606797749979                                 5
887         69.94659607527858        2.23606797749979                                 5
888         69.94659607527858        2.23606797749979                                 5
889         69.94659607527858        2.23606797749979                                 5
890         69.94659607527858        2.23606797749979                                 5
891         69.94659607527858        2.23606797749979                                 5
892         69.94659607527858        2.23606797749979                                 5
893         69.94659607527858        2.23606797749979                                 5
894         69.94659607527858        2.23606797749979                                 5
895         69.94659607527858        2.23606797749979                                 5
896         69.94659607527858        2.23606797749979                                 5
897         69.93158819145815        0.0                                 0
898         69.93158819145815        2.23606797749979                                 5
899         69.93158819145815        2.23606797749979                                 5
900         69.93158819145815        2.23606797749979                                 5
901         69.93158819145815        2.23606797749979                                 5
902         69.93158819145815        2.23606797749979                                 5
903         69.93158819145815        2.23606797749979                                 5
904         69.93158819145815        2.23606797749979                                 5
905         69.93158819145815        2.23606797749979                                 5
906         69.93158819145815        2.23606797749979                                 5
907         69.93158819145815        2.23606797749979                                 5
908         69.93158819145815        2.23606797749979                                 5
909         69.93158819145815        2.23606797749979                                 5
910         69.93158819145815        2.23606797749979                                 5
911         69.93158819145815        2.23606797749979                                 5
912         69.93158819145815        2.23606797749979                                 5
913         69.93158819145815        2.23606797749979                                 5
914         69.93158819145815        2.23606797749979                                 5
915         69.93158819145815        2.23606797749979                                 5
916         69.93158819145815        2.23606797749979                                 5
917         69.93158819145815        2.23606797749979                                 5
918         69.93158819145815        2.23606797749979                                 5
919         69.93158819145815        1.7320508075688772                                 3
920         69.93158819145815        1.7320508075688772                                 3
921         69.93158819145815        2.23606797749979                                 5
922         69.93158819145815        2.23606797749979                                 5
923         69.93158819145815        2.23606797749979                                 5
924         69.93158819145815        2.23606797749979                                 5
925         69.93158819145815        2.23606797749979                                 5
926         69.9308528073596        0.0                                 0
927         69.9308528073596        2.23606797749979                                 5
928         69.9308528073596        1.7320508075688772                                 3
929         69.9308528073596        2.23606797749979                                 5
930         69.9308528073596        2.23606797749979                                 5
931         69.9308528073596        2.23606797749979                                 5
932         69.9308528073596        2.23606797749979                                 5
933         69.9308528073596        2.23606797749979                                 5
934         69.9308528073596        2.23606797749979                                 5
935         69.9308528073596        2.23606797749979                                 5
936         69.9308528073596        2.23606797749979                                 5
937         69.9308528073596        2.23606797749979                                 5
938         69.9308528073596        2.23606797749979                                 5
939         69.9308528073596        2.23606797749979                                 5
940         69.9308528073596        2.23606797749979                                 5
941         69.9308528073596        2.23606797749979                                 5
942         69.92472965488412        0.0                                 0
943         69.92472965488412        2.23606797749979                                 5
944         69.92472965488412        2.23606797749979                                 5
945         69.92472965488412        2.23606797749979                                 5
946         69.91494400346919        0.0                                 0
947         69.91494400346919        2.23606797749979                                 5
948         69.91494400346919        2.23606797749979                                 5
949         69.91494400346919        2.23606797749979                                 5
950         69.25795254265194        0.0                                 0
951         69.25795254265194        2.23606797749979                                 5
952         69.25795254265194        2.23606797749979                                 5
953         69.13543163755372        0.0                                 0
954         69.13543163755372        2.23606797749979                                 5
955         69.13543163755372        2.23606797749979                                 5
956         69.13543163755372        2.23606797749979                                 5
957         69.13543163755372        2.23606797749979                                 5
958         67.59301222419366        0.0                                 0
959         67.59301222419366        1.7320508075688772                                 3
960         67.59301222419366        2.23606797749979                                 5
961         67.59301222419366        2.23606797749979                                 5
962         67.59301222419366        2.23606797749979                                 5
963         67.59301222419366        2.23606797749979                                 5
964         67.59301222419366        2.23606797749979                                 5
965         67.59301222419366        2.23606797749979                                 5
966         67.59301222419366        2.23606797749979                                 5
967         67.59301222419366        2.23606797749979                                 5
968         67.59301222419366        2.23606797749979                                 5
969         67.59301222419366        2.23606797749979                                 5
970         67.59301222419366        2.23606797749979                                 5
971         67.59301222419366        2.23606797749979                                 5
972         67.59301222419366        2.23606797749979                                 5
973         67.59301222419366        2.23606797749979                                 5
974         67.59301222419366        2.23606797749979                                 5
975         67.59301222419366        2.23606797749979                                 5
976         67.59301222419366        2.23606797749979                                 5
977         67.59301222419366        2.23606797749979                                 5
978         67.59301222419366        2.23606797749979                                 5
979         67.59301222419366        2.23606797749979                                 5
980         67.59301222419366        2.23606797749979                                 5
981         67.59301222419366        2.23606797749979                                 5
982         67.59301222419366        2.23606797749979                                 5
983         67.59301222419366        2.23606797749979                                 5
984         67.59301222419366        2.23606797749979                                 5
985         67.59301222419366        2.23606797749979                                 5
986         67.59301222419366        2.23606797749979                                 5
987         67.59301222419366        2.23606797749979                                 5
988         67.59301222419366        2.23606797749979                                 5
989         67.59301222419366        2.23606797749979                                 5
990         67.59301222419366        2.23606797749979                                 5
991         67.59301222419366        2.23606797749979                                 5
992         67.59301222419366        2.23606797749979                                 5
993         67.59301222419366        2.23606797749979                                 5
994         67.59301222419366        2.23606797749979                                 5
995         67.4273084499183        0.0                                 0
996         67.4273084499183        2.23606797749979                                 5
997         67.4273084499183        2.23606797749979                                 5
998         67.4273084499183        2.23606797749979                                 5
999         67.4273084499183        2.23606797749979                                 5
// Funcion: rosenbrock Enfriamiento: exponencial Semilla: 1602235989