iteracion  mejor_solucion    distancia_euclidiana                 distancia_hamming
0         0.9908533375619671        0.0                                 0
1         0.990849129267454        0.0                                 0
2         0.990849129267454        0.0                                 0
3         0.9996134607894439        0.0                                 0
4         0.9997418634794948        0.0                                 0
5         0.9979913749227479        0.0                                 0
6         0.9979913749227479        0.0                                 0
7         0.9970451028517027        0.0                                 0
8         0.9970451028517027        0.0                                 0
9         0.9974765809821695        0.0                                 0
10         0.9974762095446056        0.0                                 0
11         0.9972100206932726        0.0                                 0
12         0.9961377302411709        0.0                                 0
13         0.9961377302411709        0.0                                 0
14         0.9962146123242872        0.0                                 0
15         0.9972506053196988        0.0                                 0
16         0.9972669721513705        0.0                                 0
17         0.9989135711835008        0.0                                 0
18         1.0008345000913377        0.0                                 0
19         1.000827616339842        0.0                                 0
20         1.0008223564962493        0.0                                 0
21         1.0006288360657236        0.0                                 0
22         1.000620404051318        0.0                                 0
23         1.000620404051318        0.0                                 0
24         1.0006219696034075        0.0                                 0
25         1.0014714125212238        0.0                                 0
26         1.00021356238557        0.0                                 0
27         1.0000749772297097        0.0                                 0
28         1.0000749772297097        0.0                                 0
29         1.0000789068829732        0.0                                 0
30         1.0014219663266017        0.0                                 0
31         1.0014350539828591        0.0                                 0
32         1.0014960026800281        0.0                                 0
33         1.0014985982787439        0.0                                 0
34         1.0265075433876127        0.0                                 0
35         1.0266969226456806        0.0                                 0
36         1.0266969226456806        0.0                                 0
37         1.0271276473737523        0.0                                 0
38         1.0264633268175711        0.0                                 0
39         1.0264633268175711        0.0                                 0
40         1.0269368617223706        0.0                                 0
41         1.0270115735550043        0.0                                 0
42         1.0270115735550043        0.0                                 0
43         1.0274627590375336        0.0                                 0
44         1.0271783037650313        0.0                                 0
45         1.0271783037650313        0.0                                 0
46         1.0271801895472576        0.0                                 0
47         1.0306485353020187        0.0                                 0
48         1.0306485353020187        0.0                                 0
49         1.0278601612423022        0.0                                 0
50         1.0278601612423022        0.0                                 0
51         1.0278902977153617        0.0                                 0
52         1.0799256608913004        0.0                                 0
53         1.0799256608913004        0.0                                 0
54         1.080569469262249        0.0                                 0
55         1.0792907385513328        0.0                                 0
56         1.0792907385513328        0.0                                 0
57         1.0811764277079448        0.0                                 0
58         1.0811764277079448        0.0                                 0
59         1.0812755304535127        0.0                                 0
60         1.0800340615024482        0.0                                 0
61         1.080023527774232        0.0                                 0
62         1.080023527774232        0.0                                 0
63         1.0808504898402924        0.0                                 0
64         1.0804288203237458        0.0                                 0
65         1.0798304975823276        0.0                                 0
66         1.0752177857906113        0.0                                 0
67         0.8894795157372735        0.0                                 0
68         0.8894795157372735        0.0                                 0
69         0.8836690507303511        0.0                                 0
70         0.8822622964015102        0.0                                 0
71         0.8738402808370962        0.0                                 0
72         0.8699614956134143        0.0                                 0
73         0.8636431141846714        0.0                                 0
74         0.8632266189312944        0.0                                 0
75         0.8632266189312944        0.0                                 0
76         0.868230649554959        0.0                                 0
77         0.868230649554959        0.0                                 0
78         0.8848716421253852        0.0                                 0
79         0.8754663321921082        0.0                                 0
80         0.8676491136697471        0.0                                 0
81         0.8676491136697471        0.0                                 0
82         0.8680548877665446        0.0                                 0
83         0.8678695104423335        0.0                                 0
84         0.8678112045826081        0.0                                 0
85         0.8678112045826081        0.0                                 0
86         0.8671915737695498        0.0                                 0
87         0.8595936955689499        0.0                                 0
88         0.8595936955689499        0.0                                 0
89         0.8617468064577288        0.0                                 0
90         0.812077257996205        0.0                                 0
91         0.812077257996205        0.0                                 0
92         0.7993199839655591        0.0                                 0
93         0.7993199839655591        0.0                                 0
94         0.7995187057967688        0.0                                 0
95         0.7982401759506816        0.0                                 0
96         0.7655666198073784        0.0                                 0
97         0.7654783591048672        0.0                                 0
98         0.7654783591048672        0.0                                 0
99         0.7683105981102085        0.0                                 0
100         0.7971277925082239        0.0                                 0
101         0.7969608097496362        0.0                                 0
102         0.7208833151228173        0.0                                 0
103         0.7208151778925418        0.0                                 0
104         0.7205507205444419        0.0                                 0
105         0.7194375919506006        0.0                                 0
106         0.7194375919506006        0.0                                 0
107         0.7195861851015608        0.0                                 0
108         0.7255736596834006        0.0                                 0
109         0.7255770486054214        0.0                                 0
110         0.7042138520479687        0.0                                 0
111         0.7042138520479687        0.0                                 0
112         0.7054348877447405        0.0                                 0
113         0.7199221812225118        0.0                                 0
114         0.7192904360185262        0.0                                 0
115         0.7192904360185262        0.0                                 0
116         0.7284863362582628        0.0                                 0
117         0.7302051022185647        0.0                                 0
118         0.7633438057324393        0.0                                 0
119         0.7811357614197378        0.0                                 0
120         0.7887160973377721        0.0                                 0
121         0.7888494205756102        0.0                                 0
122         0.789352910249024        0.0                                 0
123         0.7906917826471673        0.0                                 0
124         0.7821693659461689        0.0                                 0
125         0.7776306960081227        0.0                                 0
126         0.7733740182164051        0.0                                 0
127         0.7730743868365106        0.0                                 0
128         0.7730743868365106        0.0                                 0
129         0.7757350161630087        0.0                                 0
130         0.7944280118175603        0.0                                 0
131         0.7944280118175603        0.0                                 0
132         0.7952086316736342        0.0                                 0
133         0.7899013991026516        0.0                                 0
134         0.7899013991026516        0.0                                 0
135         0.7906482052652808        0.0                                 0
136         0.790892401770804        0.0                                 0
137         0.790559867660555        0.0                                 0
138         0.7596645490647403        0.0                                 0
139         0.7596645490647403        0.0                                 0
140         0.7595587970737263        0.0                                 0
141         0.7537570009451484        0.0                                 0
142         0.7537570009451484        0.0                                 0
143         0.7662485487960189        0.0                                 0
144         0.7665466505070618        0.0                                 0
145         0.75545532323396        0.0                                 0
146         0.75545532323396        0.0                                 0
147         0.7557984276773738        0.0                                 0
148         0.75840966364678        0.0                                 0
149         0.7744167365541575        0.0                                 0
150         0.7744541546574377        0.0                                 0
151         0.8119659933721177        0.0                                 0
152         0.8119659933721177        0.0                                 0
153         0.8156404848016467        0.0                                 0
154         0.8156404848016467        0.0                                 0
155         0.8240002637314748        0.0                                 0
156         0.8211555696781103        0.0                                 0
157         0.8211555696781103        0.0                                 0
158         0.8250443844906514        0.0                                 0
159         0.8250031929299368        0.0                                 0
160         0.8250031929299368        0.0                                 0
161         0.8216734054332773        0.0                                 0
162         0.8216734054332773        0.0                                 0
163         0.8324936865095255        0.0                                 0
164         0.8324936865095255        0.0                                 0
165         0.8954988429971965        0.0                                 0
166         0.9005830585875263        0.0                                 0
167         0.9009148487152927        0.0                                 0
168         0.9009148487152927        0.0                                 0
169         0.8837405795265599        0.0                                 0
170         0.8747093989615394        0.0                                 0
171         0.8740448725200252        0.0                                 0
172         0.8740448725200252        0.0                                 0
173         0.8798081478843964        0.0                                 0
174         0.8820615027752868        0.0                                 0
175         0.8847258385634604        0.0                                 0
176         0.882122411806504        0.0                                 0
177         0.866515073617817        0.0                                 0
178         0.8656544432443246        0.0                                 0
179         0.8656544432443246        0.0                                 0
180         0.8655804225640504        0.0                                 0
181         0.7868233799159305        0.0                                 0
182         0.7868233799159305        0.0                                 0
183         0.7868246888982878        0.0                                 0
184         0.7727131593835207        0.0                                 0
185         0.7727131593835207        0.0                                 0
186         0.7713907307250689        0.0                                 0
187         0.7713907307250689        0.0                                 0
188         0.7488418780257778        0.0                                 0
189         0.7378719987079831        0.0                                 0
190         0.7378719987079831        0.0                                 0
191         0.7471503403142709        0.0                                 0
192         0.7503080727973855        0.0                                 0
193         0.7834815409932059        0.0                                 0
194         0.7647844682825431        0.0                                 0
195         0.7120912082921722        0.0                                 0
196         0.7120912082921722        0.0                                 0
197         0.7315558354726378        0.0                                 0
198         0.7104977943483017        0.0                                 0
199         0.7104977943483017        0.0                                 0
200         0.7187376627654636        0.0                                 0
201         0.7646242167196663        0.0                                 0
202         0.775681172426834        0.0                                 0
203         0.7756156393023215        0.0                                 0
204         0.7311979361120831        0.0                                 0
205         0.7311979361120831        0.0                                 0
206         0.7165613196631369        0.0                                 0
207         0.7079632471518298        0.0                                 0
208         0.7074587492708835        0.0                                 0
209         0.7074587492708835        0.0                                 0
210         0.7139929766402592        0.0                                 0
211         0.7561228620558518        0.0                                 0
212         0.7561228620558518        0.0                                 0
213         0.7579646162671935        0.0                                 0
214         0.7717605935911023        0.0                                 0
215         0.7717605935911023        0.0                                 0
216         0.7664918914360156        0.0                                 0
217         0.7582167034606707        0.0                                 0
218         0.7582167034606707        0.0                                 0
219         0.7699904581035224        0.0                                 0
220         0.7699904581035224        0.0                                 0
221         0.7778238071391845        0.0                                 0
222         0.7712187309860966        0.0                                 0
223         0.7702287713585915        0.0                                 0
224         0.762660435787332        0.0                                 0
225         0.762660435787332        0.0                                 0
226         0.7638611706374019        0.0                                 0
227         0.7638611706374019        0.0                                 0
228         0.764192955413685        0.0                                 0
229         0.7882455444331291        0.0                                 0
230         0.7882455444331291        0.0                                 0
231         0.8049983361942867        0.0                                 0
232         0.7956729258128648        0.0                                 0
233         0.795559310188657        0.0                                 0
234         0.795559310188657        0.0                                 0
235         0.7961154836060755        0.0                                 0
236         0.7961336567025142        0.0                                 0
237         0.7961336567025142        0.0                                 0
238         0.7912822165940476        0.0                                 0
239         0.7828001053335707        0.0                                 0
240         0.7828001053335707        0.0                                 0
241         0.8134881062256939        0.0                                 0
242         0.8097241158336141        0.0                                 0
243         0.7996671861366731        0.0                                 0
244         0.7996671861366731        0.0                                 0
245         0.7828415036050782        0.0                                 0
246         0.7799851025478418        0.0                                 0
247         0.774182643860271        0.0                                 0
248         0.774182643860271        0.0                                 0
249         0.7892522994495574        0.0                                 0
250         0.9177950595349778        0.0                                 0
251         0.9177950595349778        0.0                                 0
252         0.9225924911669581        0.0                                 0
253         0.9300790434296491        0.0                                 0
254         0.9300809496599962        0.0                                 0
255         0.9551065793948902        0.0                                 0
256         0.9551065793948902        0.0                                 0
257         0.9592698760907541        0.0                                 0
258         0.9613708411886798        0.0                                 0
259         0.9654431389436572        0.0                                 0
260         0.9654431389436572        0.0                                 0
261         0.9681733348820939        0.0                                 0
262         0.9845119433964497        0.0                                 0
263         0.9029416755261618        0.0                                 0
264         0.9029416755261618        0.0                                 0
265         0.9133723916386756        0.0                                 0
266         0.9121982999664502        0.0                                 0
267         0.9121982999664502        0.0                                 0
268         0.9566585978479151        0.0                                 0
269         0.9582541295470214        0.0                                 0
270         0.9582541295470214        0.0                                 0
271         0.9252918775936176        0.0                                 0
272         0.9250385831428614        0.0                                 0
273         0.9250385831428614        0.0                                 0
274         0.9250951148813619        0.0                                 0
275         0.9171938345707923        0.0                                 0
276         0.9115409045218762        0.0                                 0
277         0.9062611340251676        0.0                                 0
278         0.9062611340251676        0.0                                 0
279         0.9139465227779416        0.0                                 0
280         0.9316878893334571        0.0                                 0
281         0.9316878893334571        0.0                                 0
282         0.9257419614450833        0.0                                 0
283         0.9256771471327417        0.0                                 0
284         0.9256760959810432        0.0                                 0
285         0.9256760959810432        0.0                                 0
286         0.9294513146532021        0.0                                 0
287         0.9242051547823872        0.0                                 0
288         0.9241719473275226        0.0                                 0
289         0.9241655513402562        0.0                                 0
290         0.9241655513402562        0.0                                 0
291         0.9247928004981546        0.0                                 0
292         0.9896104005794268        0.0                                 0
293         0.9931302188081057        0.0                                 0
294         0.9631098621468902        0.0                                 0
295         0.9628129430261401        0.0                                 0
296         0.9628129430261401        0.0                                 0
297         0.9630671023353586        0.0                                 0
298         0.966422350376926        0.0                                 0
299         0.966422350376926        0.0                                 0
300         0.9667071732579581        0.0                                 0
301         0.9667183616919731        0.0                                 0
302         0.9668244309089468        0.0                                 0
303         0.9809085233102077        0.0                                 0
304         0.9810156486798136        0.0                                 0
305         0.9881659827247479        0.0                                 0
306         0.9877539264130015        0.0                                 0
307         0.985847469916006        0.0                                 0
308         0.9856704636707614        0.0                                 0
309         0.9856704636707614        0.0                                 0
310         0.9850552107228363        0.0                                 0
311         0.9648015923926916        0.0                                 0
312         0.9648015923926916        0.0                                 0
313         0.9609630253316245        0.0                                 0
314         0.9609630253316245        0.0                                 0
315         0.9593457424680535        0.0                                 0
316         0.9593457424680535        0.0                                 0
317         0.959426293875362        0.0                                 0
318         0.9706346816065461        0.0                                 0
319         0.9702519900042929        0.0                                 0
320         0.9696962387831688        0.0                                 0
321         0.9629758821295765        0.0                                 0
322         0.9629758821295765        0.0                                 0
323         0.9603817445412205        0.0                                 0
324         0.9603817445412205        0.0                                 0
325         0.9632740183750512        0.0                                 0
326         0.9593522398495058        0.0                                 0
327         0.9542459519785732        0.0                                 0
328         0.9542459519785732        0.0                                 0
329         0.9542461428021507        0.0                                 0
330         0.9581741777006771        0.0                                 0
331         0.9542291424821077        0.0                                 0
332         0.9541067289500473        0.0                                 0
333         0.9541067289500473        0.0                                 0
334         0.9541378645839105        0.0                                 0
335         0.9411997141936868        0.0                                 0
336         0.9411997141936868        0.0                                 0
337         0.9408033061990128        0.0                                 0
338         0.9399150476967544        0.0                                 0
339         0.939913467275327        0.0                                 0
340         0.9269744371080526        0.0                                 0
341         0.9269744371080526        0.0                                 0
342         0.9567717146150369        0.0                                 0
343         0.9566070786286207        0.0                                 0
344         0.9566070786286207        0.0                                 0
345         0.9565211494028139        0.0                                 0
346         0.9565211494028139        0.0                                 0
347         0.9572363458222399        0.0                                 0
348         0.9559673789027523        0.0                                 0
349         0.9559290222299047        0.0                                 0
350         0.9559290222299047        0.0                                 0
351         0.955995974696256        0.0                                 0
352         0.9560612098444798        0.0                                 0
353         0.9560810308501304        0.0                                 0
354         0.9585771205695032        0.0                                 0
355         0.9597772591627752        0.0                                 0
356         0.9599214241884486        0.0                                 0
357         0.9599218022529675        0.0                                 0
358         0.963458352955728        0.0                                 0
359         0.9449200535648206        0.0                                 0
360         0.9449200535648206        0.0                                 0
361         0.944933747311115        0.0                                 0
362         0.9487204048271191        0.0                                 0
363         0.9487204048271191        0.0                                 0
364         0.9496589258980647        0.0                                 0
365         0.9496589258980647        0.0                                 0
366         0.9519182422136976        0.0                                 0
367         1.0102105839859976        0.0                                 0
368         1.0102105839859976        0.0                                 0
369         1.0187069762010819        0.0                                 0
370         1.0187068538459223        0.0                                 0
371         1.0187068538459223        0.0                                 0
372         1.0186994661069544        0.0                                 0
373         1.0186994661069544        0.0                                 0
374         1.0186655473484902        0.0                                 0
375         1.0186655473484902        0.0                                 0
376         1.0192615318201692        0.0                                 0
377         1.0192615318201692        0.0                                 0
378         1.0194540868616466        0.0                                 0
379         1.0194123491084277        0.0                                 0
380         1.0194123491084277        0.0                                 0
381         1.0200152308973063        0.0                                 0
382         1.0204337353700739        0.0                                 0
383         1.020204934509041        0.0                                 0
384         1.020204934509041        0.0                                 0
385         1.0212452395489373        0.0                                 0
386         0.9092312803093854        0.0                                 0
387         0.9092312803093854        0.0                                 0
388         0.9133877280044573        0.0                                 0
389         0.912192246707317        0.0                                 0
390         0.9110535460493897        0.0                                 0
391         0.9110535460493897        0.0                                 0
392         0.9117844753705772        0.0                                 0
393         0.9175052172279183        0.0                                 0
394         0.917559919819508        0.0                                 0
395         0.9176604424359308        0.0                                 0
396         0.9176633063804638        0.0                                 0
397         0.9181219321312906        0.0                                 0
398         0.9180988359156178        0.0                                 0
399         0.9180988359156178        0.0                                 0
400         0.8732879200051417        0.0                                 0
401         0.8732879200051417        0.0                                 0
402         0.8735965746637698        0.0                                 0
403         0.8743430085477485        0.0                                 0
404         0.8141857509986381        0.0                                 0
405         0.8135253496090918        0.0                                 0
406         0.8135253496090918        0.0                                 0
407         0.816951944002506        0.0                                 0
408         0.8206914723571705        0.0                                 0
409         0.8282958917252263        0.0                                 0
410         0.8384924584316358        0.0                                 0
411         1.0465866904973187        0.0                                 0
412         1.0465866904973187        0.0                                 0
413         1.0469012089683065        0.0                                 0
414         1.0476048577975665        0.0                                 0
415         1.0476048577975665        0.0                                 0
416         1.0485781835032357        0.0                                 0
417         1.0485751836748745        0.0                                 0
418         1.0485751836748745        0.0                                 0
419         1.048320326374397        0.0                                 0
420         1.0401209273422802        0.0                                 0
421         1.039991423688162        0.0                                 0
422         1.039991423688162        0.0                                 0
423         1.0420239584783342        0.0                                 0
424         1.0420239584783342        0.0                                 0
425         1.041064052921189        0.0                                 0
426         1.0385355928464894        0.0                                 0
427         1.0385355928464894        0.0                                 0
428         1.0399393072371008        0.0                                 0
429         1.0400367906999655        0.0                                 0
430         0.8589814336587445        0.0                                 0
431         0.8589814336587445        0.0                                 0
432         0.8424968201921746        0.0                                 0
433         0.8418301669391699        0.0                                 0
434         0.8297468850460082        0.0                                 0
435         0.8297468850460082        0.0                                 0
436         0.8324943330954928        0.0                                 0
437         0.8324943330954928        0.0                                 0
438         0.8326895991815473        0.0                                 0
439         0.8669933150376867        0.0                                 0
440         0.8672880568847419        0.0                                 0
441         0.8671835225673209        0.0                                 0
442         0.8648014397983779        0.0                                 0
443         0.8636414823314773        0.0                                 0
444         0.8627149154141036        0.0                                 0
445         0.8624858714674412        0.0                                 0
446         0.851623206668842        0.0                                 0
447         0.851623206668842        0.0                                 0
448         0.8509875750548914        0.0                                 0
449         0.8509875750548914        0.0                                 0
450         0.8680972312494014        0.0                                 0
451         0.8681593452363676        0.0                                 0
452         0.8708775234138773        0.0                                 0
453         0.8708767594551204        0.0                                 0
454         0.8708767594551204        0.0                                 0
455         0.8764726537831043        0.0                                 0
456         0.8777761281336643        0.0                                 0
457         0.8381690595095088        0.0                                 0
458         0.8381690595095088        0.0                                 0
459         0.8846160274488185        0.0                                 0
460         0.8846287886032598        0.0                                 0
461         0.8859306310255757        0.0                                 0
462         0.888126747799148        0.0                                 0
463         0.888126747799148        0.0                                 0
464         0.8875685275802766        0.0                                 0
465         0.8875086977745841        0.0                                 0
466         0.8875086977745841        0.0                                 0
467         0.889591356221562        0.0                                 0
468         0.889591356221562        0.0                                 0
469         0.8900313379965592        0.0                                 0
470         1.034374734792495        0.0                                 0
471         1.0731484687302275        0.0                                 0
472         1.0648768866052005        0.0                                 0
473         1.0484666106570812        0.0                                 0
474         1.0484666106570812        0.0                                 0
475         1.050341678372396        0.0                                 0
476         1.050341678372396        0.0                                 0
477         1.0504166994458386        0.0                                 0
478         1.0502135066671752        0.0                                 0
479         1.040448655671118        0.0                                 0
480         1.039718316520245        0.0                                 0
481         1.039718316520245        0.0                                 0
482         1.0397308288904628        0.0                                 0
483         1.0715352704208378        0.0                                 0
484         1.0716263400248172        0.0                                 0
485         1.071496802612821        0.0                                 0
486         1.0654607563077172        0.0                                 0
487         1.064828878388109        0.0                                 0
488         1.061980724269497        0.0                                 0
489         1.061980724269497        0.0                                 0
490         1.0621416013194296        0.0                                 0
491         1.064393309985422        0.0                                 0
492         1.064393309985422        0.0                                 0
493         1.068274614655897        0.0                                 0
494         1.0637102066378863        0.0                                 0
495         1.0588897607664527        0.0                                 0
496         1.0503842608867258        0.0                                 0
497         1.0503842608867258        0.0                                 0
498         1.0507899724997514        0.0                                 0
499         1.0462915584846786        0.0                                 0
500         1.0462915584846786        0.0                                 0
501         1.0464664102818488        0.0                                 0
502         1.046749909836946        0.0                                 0
503         1.0495705980124383        0.0                                 0
504         1.0498783481014067        0.0                                 0
505         1.0512926074779143        0.0                                 0
506         1.0521621669777936        0.0                                 0
507         1.0520707636973265        0.0                                 0
508         1.0520707636973265        0.0                                 0
509         1.052266305784571        0.0                                 0
510         1.065888494296057        0.0                                 0
511         1.0659554762652517        0.0                                 0
512         1.06597431617963        0.0                                 0
513         1.0613581061137378        0.0                                 0
514         1.0599652516843576        0.0                                 0
515         1.0599322603686958        0.0                                 0
516         1.0599322603686958        0.0                                 0
517         1.0599327797158953        0.0                                 0
518         1.0607657396643309        0.0                                 0
519         1.058936756773409        0.0                                 0
520         1.058936756773409        0.0                                 0
521         1.0582556375363925        0.0                                 0
522         1.0582556375363925        0.0                                 0
523         1.0707100713049253        0.0                                 0
524         1.0624095526878146        0.0                                 0
525         1.0624095526878146        0.0                                 0
526         1.0619849385466449        0.0                                 0
527         1.0507842644649106        0.0                                 0
528         1.0507509485866322        0.0                                 0
529         1.0504584424302772        0.0                                 0
530         1.049080410031848        0.0                                 0
531         1.0490346346687909        0.0                                 0
532         1.0434914228958847        0.0                                 0
533         1.0434914228958847        0.0                                 0
534         1.0516334763331625        0.0                                 0
535         1.051632526949987        0.0                                 0
536         1.051632526949987        0.0                                 0
537         1.0521264333395248        0.0                                 0
538         1.0521264333395248        0.0                                 0
539         1.0520708288933471        0.0                                 0
540         1.0520708288933471        0.0                                 0
541         1.0641675917733138        0.0                                 0
542         1.0638401947077107        0.0                                 0
543         1.0638401947077107        0.0                                 0
544         1.0608562866071038        0.0                                 0
545         0.8433144870600424        0.0                                 0
546         0.8433144870600424        0.0                                 0
547         0.8165257111307        0.0                                 0
548         0.8165257111307        0.0                                 0
549         0.8344175485642988        0.0                                 0
550         0.8344182598449186        0.0                                 0
551         0.8338837729681373        0.0                                 0
552         0.8338651299957653        0.0                                 0
553         0.8338651299957653        0.0                                 0
554         0.8212833632481829        0.0                                 0
555         0.8212833632481829        0.0                                 0
556         0.8649167986517694        0.0                                 0
557         0.869733113584737        0.0                                 0
558         0.869733113584737        0.0                                 0
559         0.8843976553273761        0.0                                 0
560         0.8843738550651036        0.0                                 0
561         0.8843738550651036        0.0                                 0
562         0.8846989991414035        0.0                                 0
563         0.8937936926769122        0.0                                 0
564         0.8931354810194576        0.0                                 0
565         0.8931354810194576        0.0                                 0
566         0.918150262205788        0.0                                 0
567         0.8522387147481476        0.0                                 0
568         0.8522387147481476        0.0                                 0
569         0.8532227943987347        0.0                                 0
570         0.8626275582529298        0.0                                 0
571         0.8576831412085688        0.0                                 0
572         0.8576831412085688        0.0                                 0
573         0.8580516667345766        0.0                                 0
574         0.8569458999087873        0.0                                 0
575         0.8569458999087873        0.0                                 0
576         0.8449348408993649        0.0                                 0
577         0.835371310953843        0.0                                 0
578         0.835371310953843        0.0                                 0
579         0.8335928682678198        0.0                                 0
580         0.8306786664773985        0.0                                 0
581         0.8306786664773985        0.0                                 0
582         0.8307490734004072        0.0                                 0
583         0.8304148491893633        0.0                                 0
584         0.8304148491893633        0.0                                 0
585         0.8308295312504432        0.0                                 0
586         0.8307564827349442        0.0                                 0
587         0.8307564827349442        0.0                                 0
588         0.8420769454849826        0.0                                 0
589         0.842918777626561        0.0                                 0
590         0.8638493560755759        0.0                                 0
591         0.8643257901365862        0.0                                 0
592         0.866624573844682        0.0                                 0
593         0.8673457822876619        0.0                                 0
594         1.0654764472466078        0.0                                 0
595         1.0724572390558622        0.0                                 0
596         1.0724572390558622        0.0                                 0
597         1.0782045905304776        0.0                                 0
598         1.0772113968454846        0.0                                 0
599         1.0772113968454846        0.0                                 0
600         1.0776686898425385        0.0                                 0
601         1.0145217219550728        0.0                                 0
602         1.0145217219550728        0.0                                 0
603         1.0147704298718203        0.0                                 0
604         1.0147943499734269        0.0                                 0
605         1.0147943499734269        0.0                                 0
606         1.0151396283335812        0.0                                 0
607         0.996454288267019        0.0                                 0
608         0.9964152140804223        0.0                                 0
609         0.9964152140804223        0.0                                 0
610         0.99793028868974        0.0                                 0
611         0.999801926060849        0.0                                 0
612         0.9998940681568341        0.0                                 0
613         1.0040510112950582        0.0                                 0
614         1.0042514302934973        0.0                                 0
615         1.0048358561739401        0.0                                 0
616         1.0047750881611297        0.0                                 0
617         1.0042160650500773        0.0                                 0
618         1.0042160650500773        0.0                                 0
619         1.0037233689241167        0.0                                 0
620         1.0037190362047024        0.0                                 0
621         1.00264669402912        0.0                                 0
622         1.0026439133536436        0.0                                 0
623         1.0026439133536436        0.0                                 0
624         1.0030539213169125        0.0                                 0
625         1.0030536322804378        0.0                                 0
626         1.002927785613923        0.0                                 0
627         1.0024906712273174        0.0                                 0
628         1.0024906712273174        0.0                                 0
629         1.0027077935955186        0.0                                 0
630         1.004367330105522        0.0                                 0
631         1.004451753559377        0.0                                 0
632         1.0045499007777683        0.0                                 0
633         1.0045467095178102        0.0                                 0
634         1.0045467095178102        0.0                                 0
635         1.0051268280766041        0.0                                 0
636         1.0051419522126006        0.0                                 0
637         1.0051506258631715        0.0                                 0
638         1.026894614530138        0.0                                 0
639         1.0268346643401136        0.0                                 0
640         1.0261466454124042        0.0                                 0
641         1.0260504660750966        0.0                                 0
642         1.0254017354818195        0.0                                 0
643         1.0254017354818195        0.0                                 0
644         1.0257461828348946        0.0                                 0
645         1.0257461828348946        0.0                                 0
646         1.0266435874345836        0.0                                 0
647         1.02646867772582        0.0                                 0
648         1.02646867772582        0.0                                 0
649         1.0263198594196188        0.0                                 0
650         1.0263198594196188        0.0                                 0
651         1.0269021236455216        0.0                                 0
652         1.0273554596648742        0.0                                 0
653         1.0248288834531376        0.0                                 0
654         1.0248287441450623        0.0                                 0
655         1.0248287441450623        0.0                                 0
656         1.024854132413718        0.0                                 0
657         1.024854132413718        0.0                                 0
658         1.024846144304033        0.0                                 0
659         1.0248412165287508        0.0                                 0
660         1.0248412165287508        0.0                                 0
661         1.025163304414546        0.0                                 0
662         1.028001748309015        0.0                                 0
663         1.028653389460189        0.0                                 0
664         1.074989716927963        0.0                                 0
665         1.0688791349334905        0.0                                 0
666         1.0688791349334905        0.0                                 0
667         1.0681546448036132        0.0                                 0
668         1.0681546448036132        0.0                                 0
669         1.069419669196093        0.0                                 0
670         1.0612762951869557        0.0                                 0
671         1.0612762951869557        0.0                                 0
672         1.061807722388345        0.0                                 0
673         1.0582259090250434        0.0                                 0
674         1.0582259090250434        0.0                                 0
675         1.0597685391607592        0.0                                 0
676         1.0600423758883146        0.0                                 0
677         1.0601051678608506        0.0                                 0
678         1.0601051678608506        0.0                                 0
679         1.0675332559656556        0.0                                 0
680         1.0630089864475818        0.0                                 0
681         1.0630089864475818        0.0                                 0
682         1.0693399213653645        0.0                                 0
683         1.0548650065272493        0.0                                 0
684         1.0548650065272493        0.0                                 0
685         1.054550879920496        0.0                                 0
686         1.054550879920496        0.0                                 0
687         1.0549528111627602        0.0                                 0
688         1.0549528111627602        0.0                                 0
689         1.0553501154677916        0.0                                 0
690         1.0554049647071486        0.0                                 0
691         1.0564095723475466        0.0                                 0
692         1.0558267671044095        0.0                                 0
693         1.0557933457888633        0.0                                 0
694         1.0503102177594297        0.0                                 0
695         1.0487024073374305        0.0                                 0
696         1.0487024073374305        0.0                                 0
697         1.05417413015027        0.0                                 0
698         1.055566475791526        0.0                                 0
699         1.0558797214699687        0.0                                 0
700         1.0621864524285265        0.0                                 0
701         1.0621864524285265        0.0                                 0
702         1.0608640391423854        0.0                                 0
703         1.0608640391423854        0.0                                 0
704         1.0722256825024543        0.0                                 0
705         1.0723084663086566        0.0                                 0
706         1.0723084663086566        0.0                                 0
707         1.072321327336972        0.0                                 0
708         1.0728934147387443        0.0                                 0
709         1.0719443806155016        0.0                                 0
710         1.0593898875055876        0.0                                 0
711         1.0593898875055876        0.0                                 0
712         1.0260535449001604        0.0                                 0
713         1.0260535449001604        0.0                                 0
714         1.0256032946026028        0.0                                 0
715         1.0256032946026028        0.0                                 0
716         1.030078396137699        0.0                                 0
717         1.0300413206607781        0.0                                 0
718         1.0149573294519483        0.0                                 0
719         1.0149529646277384        0.0                                 0
720         1.0149529646277384        0.0                                 0
721         1.0149510757878035        0.0                                 0
722         1.0149510757878035        0.0                                 0
723         1.0150070739933177        0.0                                 0
724         1.0150411922242697        0.0                                 0
725         1.014526845206768        0.0                                 0
726         1.014526845206768        0.0                                 0
727         1.0145423296494953        0.0                                 0
728         1.0145753373398594        0.0                                 0
729         0.9841972038498918        0.0                                 0
730         0.9807621023251039        0.0                                 0
731         0.97892052617788        0.0                                 0
732         0.978674091642563        0.0                                 0
733         0.9782344708909618        0.0                                 0
734         0.9782344708909618        0.0                                 0
735         0.9808445219157426        0.0                                 0
736         0.9808445219157426        0.0                                 0
737         0.9821458888301735        0.0                                 0
738         0.9814955506026547        0.0                                 0
739         0.9814869609365632        0.0                                 0
740         0.9797451436711745        0.0                                 0
741         0.9797451436711745        0.0                                 0
742         0.9805239805970489        0.0                                 0
743         0.9805293830752853        0.0                                 0
744         0.9806600984251125        0.0                                 0
745         0.9806600984251125        0.0                                 0
746         0.9803923974375516        0.0                                 0
747         0.9803923974375516        0.0                                 0
748         0.9602868541061489        0.0                                 0
749         0.9602868541061489        0.0                                 0
750         0.960417298937507        0.0                                 0
751         0.9550903822517756        0.0                                 0
752         0.9550903822517756        0.0                                 0
753         1.0130617601955756        0.0                                 0
754         1.0130458799546331        0.0                                 0
755         1.0129221166185285        0.0                                 0
756         1.0129221166185285        0.0                                 0
757         1.0130463993912213        0.0                                 0
758         1.0130275911523865        0.0                                 0
759         1.0125706671436159        0.0                                 0
760         1.0125706671436159        0.0                                 0
761         1.0127471251454647        0.0                                 0
762         1.0129927832347163        0.0                                 0
763         1.0132188164617808        0.0                                 0
764         1.0132502184758772        0.0                                 0
765         1.0132997708771923        0.0                                 0
766         1.0130110714339968        0.0                                 0
767         1.0130110714339968        0.0                                 0
768         1.0131179088130489        0.0                                 0
769         1.013100564427787        0.0                                 0
770         1.013100564427787        0.0                                 0
771         1.013096455128048        0.0                                 0
772         1.013096455128048        0.0                                 0
773         1.0133997869254263        0.0                                 0
774         1.0140057599412535        0.0                                 0
775         1.0140258029007225        0.0                                 0
776         1.0143014567864301        0.0                                 0
777         1.0143111569993255        0.0                                 0
778         1.0143654763991277        0.0                                 0
779         1.0143271785316523        0.0                                 0
780         1.0143271785316523        0.0                                 0
781         1.0146355497046717        0.0                                 0
782         1.014621530308492        0.0                                 0
783         1.0146082205449698        0.0                                 0
784         1.0146064194333222        0.0                                 0
785         1.0146064194333222        0.0                                 0
786         1.0144199969947936        0.0                                 0
787         1.0144199969947936        0.0                                 0
788         1.0141461607791458        0.0                                 0
789         1.0141282315005145        0.0                                 0
790         1.0141282315005145        0.0                                 0
791         1.0141496906984193        0.0                                 0
792         1.0140287532922927        0.0                                 0
793         1.0140287532922927        0.0                                 0
794         1.0140153230552125        0.0                                 0
795         1.0140153230552125        0.0                                 0
796         1.0338114053821525        0.0                                 0
797         1.0337728761084513        0.0                                 0
798         1.0337728761084513        0.0                                 0
799         1.0338026707741579        0.0                                 0
800         1.0338042020501168        0.0                                 0
801         1.0360298017001657        0.0                                 0
802         1.0358590834248134        0.0                                 0
803         1.0358590834248134        0.0                                 0
804         1.0371739197329826        0.0                                 0
805         1.0362742685472335        0.0                                 0
806         1.0362742685472335        0.0                                 0
807         1.0363733270817588        0.0                                 0
808         1.0469815288306297        0.0                                 0
809         1.0536180590035142        0.0                                 0
810         1.0529978864347236        0.0                                 0
811         1.0486425327037623        0.0                                 0
812         1.023667585395718        0.0                                 0
813         1.023647190204671        0.0                                 0
814         1.0235244069671736        0.0                                 0
815         1.0235244069671736        0.0                                 0
816         1.0244039264856544        0.0                                 0
817         1.0244039264856544        0.0                                 0
818         1.0244151622905548        0.0                                 0
819         1.0243281943847091        0.0                                 0
820         1.0243281943847091        0.0                                 0
821         1.02804350907896        0.0                                 0
822         1.0265359978711828        0.0                                 0
823         1.026534086757522        0.0                                 0
824         1.026534086757522        0.0                                 0
825         1.026224971069779        0.0                                 0
826         1.0237571593488672        0.0                                 0
827         0.907384831682914        0.0                                 0
828         0.9062210006995259        0.0                                 0
829         0.9062210006995259        0.0                                 0
830         0.9063328393794728        0.0                                 0
831         0.9199845105374321        0.0                                 0
832         0.9199845105374321        0.0                                 0
833         0.9063812499716128        0.0                                 0
834         0.9049790974381713        0.0                                 0
835         0.8927072306724982        0.0                                 0
836         0.8911818659519691        0.0                                 0
837         0.8904241770531722        0.0                                 0
838         0.8748591628523072        0.0                                 0
839         0.8526187184595925        0.0                                 0
840         0.8521481379075521        0.0                                 0
841         0.8521481379075521        0.0                                 0
842         0.8574609730448375        0.0                                 0
843         0.8728554901687235        0.0                                 0
844         0.8850500725736505        0.0                                 0
845         0.8877095119290961        0.0                                 0
846         0.8881436377103289        0.0                                 0
847         0.8882562610328593        0.0                                 0
848         0.8887439723608442        0.0                                 0
849         0.8887439723608442        0.0                                 0
850         0.8889286284779623        0.0                                 0
851         0.8874508463188143        0.0                                 0
852         0.8874508463188143        0.0                                 0
853         0.8889475162565116        0.0                                 0
854         0.8889475162565116        0.0                                 0
855         0.8921977611495291        0.0                                 0
856         0.8922395199573245        0.0                                 0
857         0.92025275867054        0.0                                 0
858         0.9409282987228661        0.0                                 0
859         0.9409282987228661        0.0                                 0
860         0.9536928206085287        0.0                                 0
861         0.9523336695469833        0.0                                 0
862         0.9517709689831226        0.0                                 0
863         0.9517709689831226        0.0                                 0
864         0.95189447633641        0.0                                 0
865         0.9571961459092505        0.0                                 0
866         0.9582707112865342        0.0                                 0
867         0.9608029458183067        0.0                                 0
868         0.9608029458183067        0.0                                 0
869         0.9593094502353466        0.0                                 0
870         0.9592425511863178        0.0                                 0
871         0.9592425511863178        0.0                                 0
872         0.9596192399354381        0.0                                 0
873         0.9580802492256748        0.0                                 0
874         0.9580801502386571        0.0                                 0
875         0.958077620957491        0.0                                 0
876         0.9456514715068223        0.0                                 0
877         0.9423261137183969        0.0                                 0
878         0.9306607637412574        0.0                                 0
879         0.9304178303383553        0.0                                 0
880         0.9304178303383553        0.0                                 0
881         0.9329613207228388        0.0                                 0
882         0.9368381991841326        0.0                                 0
883         1.0075545917583475        0.0                                 0
884         1.0075545917583475        0.0                                 0
885         1.007526864812046        0.0                                 0
886         1.0065329273823274        0.0                                 0
887         1.0065329273823274        0.0                                 0
888         1.0075348188959266        0.0                                 0
889         1.0075344496776004        0.0                                 0
890         1.0070943292311032        0.0                                 0
891         1.0070943292311032        0.0                                 0
892         1.0071055091607135        0.0                                 0
893         1.0070103676579325        0.0                                 0
894         1.0070103676579325        0.0                                 0
895         1.0074290789966611        0.0                                 0
896         1.0074290789966611        0.0                                 0
897         1.0074498603488724        0.0                                 0
898         1.0078036594321558        0.0                                 0
899         1.0078036594321558        0.0                                 0
900         1.008031876915836        0.0                                 0
901         1.008037744848835        0.0                                 0
902         1.0084367406521078        0.0                                 0
903         1.009303961936129        0.0                                 0
904         1.0071760795940385        0.0                                 0
905         1.0071760795940385        0.0                                 0
906         1.0071889921607975        0.0                                 0
907         1.0072816275546894        0.0                                 0
908         1.0072816275546894        0.0                                 0
909         1.0073561321978133        0.0                                 0
910         1.0071623305623074        0.0                                 0
911         0.9763088898941812        0.0                                 0
912         0.9758896486289603        0.0                                 0
913         0.975277393311234        0.0                                 0
914         0.9624949227548668        0.0                                 0
915         0.9555935358151959        0.0                                 0
916         0.9555935358151959        0.0                                 0
917         0.9588942560748919        0.0                                 0
918         0.9588942560748919        0.0                                 0
919         0.9475382800388499        0.0                                 0
920         0.9436694125450198        0.0                                 0
921         0.9436694125450198        0.0                                 0
922         0.9473695503869972        0.0                                 0
923         0.9471324675316116        0.0                                 0
924         0.9471324675316116        0.0                                 0
925         0.9461753203470791        0.0                                 0
926         0.943020797907535        0.0                                 0
927         0.943020797907535        0.0                                 0
928         0.9496386787807316        0.0                                 0
929         0.9496386787807316        0.0                                 0
930         0.9496267444191772        0.0                                 0
931         0.949294668451178        0.0                                 0
932         0.949294668451178        0.0                                 0
933         0.9530098799729746        0.0                                 0
934         0.9464325241920116        0.0                                 0
935         0.945880746429756        0.0                                 0
936         0.945880746429756        0.0                                 0
937         0.9501663582044342        0.0                                 0
938         0.9508305394399263        0.0                                 0
939         0.9404961045896619        0.0                                 0
940         0.9404961045896619        0.0                                 0
941         0.9387162618279068        0.0                                 0
942         0.9387162618279068        0.0                                 0
943         0.9455059824911632        0.0                                 0
944         0.9456222546348843        0.0                                 0
945         0.9442516665528826        0.0                                 0
946         0.9440995941187232        0.0                                 0
947         0.9440995941187232        0.0                                 0
948         0.9448466027765641        0.0                                 0
949         0.9437857810511192        0.0                                 0
950         0.9434314889099638        0.0                                 0
951         0.9383961618806654        0.0                                 0
952         0.9372507499884816        0.0                                 0
953         0.9327841555848043        0.0                                 0
954         0.9226148274651078        0.0                                 0
955         0.9226096211760297        0.0                                 0
956         0.9225755789819999        0.0                                 0
957         0.9225755789819999        0.0                                 0
958         0.9240539919854938        0.0                                 0
959         0.9296466391873235        0.0                                 0
960         0.9442212217943031        0.0                                 0
961         0.9442212217943031        0.0                                 0
962         0.96210379985671        0.0                                 0
963         0.9621745971826109        0.0                                 0
964         0.9899974529054021        0.0                                 0
965         0.990508896430831        0.0                                 0
966         0.9906483325596451        0.0                                 0
967         0.9914727167531987        0.0                                 0
968         0.9905700019605082        0.0                                 0
969         0.9610864991559064        0.0                                 0
970         0.9610747661138164        0.0                                 0
971         0.9608842734664276        0.0                                 0
972         0.9606616835019616        0.0                                 0
973         0.9587681647612859        0.0                                 0
974         0.9587681647612859        0.0                                 0
975         0.9593891023658238        0.0                                 0
976         0.9592387809873567        0.0                                 0
977         0.9592387809873567        0.0                                 0
978         0.9619180255169131        0.0                                 0
979         0.9616086696812599        0.0                                 0
980         0.9616086696812599        0.0                                 0
981         0.9651041594108047        0.0                                 0
982         0.9644784139331822        0.0                                 0
983         0.9644784139331822        0.0                                 0
984         0.9660672699129949        0.0                                 0
985         0.9636951526053563        0.0                                 0
986         0.9635870614895486        0.0                                 0
987         0.9635824276139225        0.0                                 0
988         0.9635824276139225        0.0                                 0
989         0.9665268535237828        0.0                                 0
990         0.9656711976227008        0.0                                 0
991         0.9651924415884235        0.0                                 0
992         0.96492327900576        0.0                                 0
993         0.96492327900576        0.0                                 0
994         0.9669176374916029        0.0                                 0
995         0.9669176374916029        0.0                                 0
996         0.9677166391921757        0.0                                 0
997         0.9633671576449985        0.0                                 0
998         0.9617733851669401        0.0                                 0
999         0.9575136639127698        0.0                                 0
// Funcion: griewank Enfriamiento: lineal Semilla: 1500258282