iteracion  mejor_solucion    distancia_euclidiana                 distancia_hamming
0         0.9839672447122496        0.0                                 0
1         0.9470931070864469        0.0                                 0
2         0.9462796843401655        0.0                                 0
3         0.9462661524598135        0.0                                 0
4         0.9462136381817273        0.0                                 0
5         0.9402020581633204        0.0                                 0
6         0.9352887465190743        0.0                                 0
7         0.9349923078672834        0.0                                 0
8         0.9349704881407608        0.0                                 0
9         0.9340947926987537        0.0                                 0
10         0.9340947926987537        0.0                                 0
11         0.9341229772294023        0.0                                 0
12         0.9341316667756292        0.0                                 0
13         0.9341316667756292        0.0                                 0
14         0.9360979437778904        0.0                                 0
15         0.9361069898326452        0.0                                 0
16         0.9386919213476324        0.0                                 0
17         0.9319155239871174        0.0                                 0
18         0.9319155239871174        0.0                                 0
19         0.9266571058772174        0.0                                 0
20         0.9266571058772174        0.0                                 0
21         0.9266936273249777        0.0                                 0
22         0.9276477554314454        0.0                                 0
23         0.9276477554314454        0.0                                 0
24         0.9552324986215204        0.0                                 0
25         0.887498879665867        0.0                                 0
26         0.887498879665867        0.0                                 0
27         0.8921315997291684        0.0                                 0
28         0.8920218394270005        0.0                                 0
29         0.8898610659140483        0.0                                 0
30         0.8898610659140483        0.0                                 0
31         0.8901562604291724        0.0                                 0
32         0.8955184727032892        0.0                                 0
33         0.8920111579368423        0.0                                 0
34         0.8852884052236231        0.0                                 0
35         0.8825724837581213        0.0                                 0
36         0.8825724837581213        0.0                                 0
37         0.8879327787293964        0.0                                 0
38         0.8759285857769064        0.0                                 0
39         0.8759285857769064        0.0                                 0
40         0.8729692901802951        0.0                                 0
41         0.8729692901802951        0.0                                 0
42         0.885010250760724        0.0                                 0
43         0.8896224589701971        0.0                                 0
44         0.8884895542405122        0.0                                 0
45         0.8884895542405122        0.0                                 0
46         0.8994562963270328        0.0                                 0
47         0.8994562963270328        0.0                                 0
48         0.9107479808025278        0.0                                 0
49         0.9107479808025278        0.0                                 0
50         0.9218336426581317        0.0                                 0
51         0.9223043473289292        0.0                                 0
52         0.9224899202612175        0.0                                 0
53         0.918798095003877        0.0                                 0
54         0.918798095003877        0.0                                 0
55         0.9233840932350418        0.0                                 0
56         0.9233840932350418        0.0                                 0
57         0.9248305256394962        0.0                                 0
58         0.9248895969271943        0.0                                 0
59         0.9254573041376197        0.0                                 0
60         0.9336458203505693        0.0                                 0
61         0.9346922202172239        0.0                                 0
62         0.9333314252136614        0.0                                 0
63         0.9288697628862117        0.0                                 0
64         0.9288682810298988        0.0                                 0
65         0.9288682810298988        0.0                                 0
66         0.9267008235443972        0.0                                 0
67         0.9267008235443972        0.0                                 0
68         0.9344318364065173        0.0                                 0
69         0.9308733856873576        0.0                                 0
70         0.8052767521925301        0.0                                 0
71         0.7891580440454574        0.0                                 0
72         0.7885048144838906        0.0                                 0
73         0.7885048144838906        0.0                                 0
74         0.7995120551116897        0.0                                 0
75         0.8023925788100632        0.0                                 0
76         0.8023925788100632        0.0                                 0
77         0.8023821122532397        0.0                                 0
78         0.8023821122532397        0.0                                 0
79         0.8028599812227732        0.0                                 0
80         0.8175840834531723        0.0                                 0
81         0.8130413694333145        0.0                                 0
82         0.8130168728419691        0.0                                 0
83         0.798045190588396        0.0                                 0
84         0.798045190588396        0.0                                 0
85         0.8310221608343781        0.0                                 0
86         0.8546539482164262        0.0                                 0
87         0.8546539482164262        0.0                                 0
88         0.8563580170467537        0.0                                 0
89         0.8563580170467537        0.0                                 0
90         0.8352189839169253        0.0                                 0
91         0.8200270722903273        0.0                                 0
92         0.8196685131392577        0.0                                 0
93         0.8182735826340772        0.0                                 0
94         0.8182735826340772        0.0                                 0
95         0.8247716299146327        0.0                                 0
96         0.825113211279174        0.0                                 0
97         0.8334609910529888        0.0                                 0
98         0.8383902911138814        0.0                                 0
99         0.829012952504683        0.0                                 0
100         0.8289766061916195        0.0                                 0
101         0.8287793059609339        0.0                                 0
102         0.8103958407881774        0.0                                 0
103         0.8103958407881774        0.0                                 0
104         0.8251844443053259        0.0                                 0
105         0.8251844443053259        0.0                                 0
106         0.8299537404824168        0.0                                 0
107         0.8299537404824168        0.0                                 0
108         0.8482812094942074        0.0                                 0
109         0.8494658016864518        0.0                                 0
110         0.85198269754236        0.0                                 0
111         0.9122391563065453        0.0                                 0
112         0.8867293229783128        0.0                                 0
113         0.8856702634981178        0.0                                 0
114         0.8856682069931461        0.0                                 0
115         0.8856682069931461        0.0                                 0
116         0.8945436928990811        0.0                                 0
117         0.8948682652410639        0.0                                 0
118         0.8951551261176407        0.0                                 0
119         0.8951584929466927        0.0                                 0
120         0.8950689842261688        0.0                                 0
121         0.8950689842261688        0.0                                 0
122         0.9148629724507109        0.0                                 0
123         0.9148629724507109        0.0                                 0
124         0.9218972684031416        0.0                                 0
125         0.9236695322093351        0.0                                 0
126         0.928024236962787        0.0                                 0
127         0.8995499413951024        0.0                                 0
128         0.8959577049304681        0.0                                 0
129         0.889832482027994        0.0                                 0
130         0.8898253695847782        0.0                                 0
131         0.8897618611860049        0.0                                 0
132         0.8897618611860049        0.0                                 0
133         0.8490954602322637        0.0                                 0
134         0.8490954602322637        0.0                                 0
135         0.8825334371184317        0.0                                 0
136         0.8969411653341326        0.0                                 0
137         0.8969411653341326        0.0                                 0
138         0.8961970299985107        0.0                                 0
139         0.8961970299985107        0.0                                 0
140         0.8985133324683786        0.0                                 0
141         0.8985133324683786        0.0                                 0
142         0.9018733023184109        0.0                                 0
143         0.9018908343124811        0.0                                 0
144         0.9020122597530147        0.0                                 0
145         0.9012920219642145        0.0                                 0
146         0.892156414294538        0.0                                 0
147         0.892156414294538        0.0                                 0
148         0.8922255330153935        0.0                                 0
149         0.8924896439268925        0.0                                 0
150         0.8666143822245859        0.0                                 0
151         0.8657995925767724        0.0                                 0
152         0.8657995925767724        0.0                                 0
153         0.8643489430710692        0.0                                 0
154         0.844543041759044        0.0                                 0
155         0.8430642928901737        0.0                                 0
156         0.8430642928901737        0.0                                 0
157         0.871940422611673        0.0                                 0
158         0.9309738375491099        0.0                                 0
159         0.9309883746642017        0.0                                 0
160         1.0458858250445793        0.0                                 0
161         1.0458858250445793        0.0                                 0
162         1.053407726757869        0.0                                 0
163         1.0563416309078983        0.0                                 0
164         1.0552963735911036        0.0                                 0
165         1.0552963735911036        0.0                                 0
166         1.0557094854223457        0.0                                 0
167         1.0557629080405975        0.0                                 0
168         1.056153040788164        0.0                                 0
169         1.0367555178267367        0.0                                 0
170         1.0362580048978254        0.0                                 0
171         1.0362580048978254        0.0                                 0
172         1.035992231131529        0.0                                 0
173         1.035992231131529        0.0                                 0
174         1.0364022409812585        0.0                                 0
175         1.0434283581384354        0.0                                 0
176         1.0214120917502392        0.0                                 0
177         1.0213946779631948        0.0                                 0
178         1.0213942631678734        0.0                                 0
179         1.0213782233397997        0.0                                 0
180         1.0204606468930062        0.0                                 0
181         1.0204595908168446        0.0                                 0
182         1.0204584114645845        0.0                                 0
183         1.0204584114645845        0.0                                 0
184         1.0208804946787324        0.0                                 0
185         1.0208621203530173        0.0                                 0
186         1.0208621203530173        0.0                                 0
187         1.0209116490432117        0.0                                 0
188         1.0161151666746797        0.0                                 0
189         1.0161151666746797        0.0                                 0
190         1.0151849086725888        0.0                                 0
191         1.0151849086725888        0.0                                 0
192         1.0176142708934712        0.0                                 0
193         1.0175714432214817        0.0                                 0
194         1.0175714432214817        0.0                                 0
195         1.0183864035073773        0.0                                 0
196         1.0182321579816427        0.0                                 0
197         1.0182321579816427        0.0                                 0
198         1.0182439295266132        0.0                                 0
199         1.0182439295266132        0.0                                 0
200         1.031359602446478        0.0                                 0
201         1.031359602446478        0.0                                 0
202         1.0313660536892248        0.0                                 0
203         1.0313894117136706        0.0                                 0
204         1.0315155556935467        0.0                                 0
205         1.0314547069470936        0.0                                 0
206         1.0314547069470936        0.0                                 0
207         1.0327092295300033        0.0                                 0
208         1.0326863233483965        0.0                                 0
209         1.0326863233483965        0.0                                 0
210         1.0324625058477586        0.0                                 0
211         1.0320906365805118        0.0                                 0
212         1.0319576515311688        0.0                                 0
213         1.0319070786969993        0.0                                 0
214         1.0315485550523742        0.0                                 0
215         1.029774454360752        0.0                                 0
216         1.029774454360752        0.0                                 0
217         1.028456117648465        0.0                                 0
218         1.0284327827222983        0.0                                 0
219         1.0281630254451217        0.0                                 0
220         1.0281628309996713        0.0                                 0
221         1.0281583236584417        0.0                                 0
222         1.0280414866836167        0.0                                 0
223         1.0280413898028682        0.0                                 0
224         1.0263985190029645        0.0                                 0
225         1.0263700898162316        0.0                                 0
226         1.0263204114542381        0.0                                 0
227         1.0263130987335725        0.0                                 0
228         1.0263130987335725        0.0                                 0
229         1.0263372024194342        0.0                                 0
230         1.0276404841323952        0.0                                 0
231         1.0276416782181204        0.0                                 0
232         1.0167994342893776        0.0                                 0
233         1.0167881859377317        0.0                                 0
234         1.0167872656207393        0.0                                 0
235         1.0167872656207393        0.0                                 0
236         0.9870197039768037        0.0                                 0
237         0.9870197039768037        0.0                                 0
238         0.9896499162900143        0.0                                 0
239         0.9894065877140761        0.0                                 0
240         0.9894065877140761        0.0                                 0
241         0.9872958266191352        0.0                                 0
242         0.9864795438208929        0.0                                 0
243         0.9864795438208929        0.0                                 0
244         0.9865429021841146        0.0                                 0
245         0.9843744196476766        0.0                                 0
246         0.9843744196476766        0.0                                 0
247         0.9824492809505235        0.0                                 0
248         0.9802133233301403        0.0                                 0
249         0.9802133233301403        0.0                                 0
250         0.9807888145916471        0.0                                 0
251         0.9811589772903185        0.0                                 0
252         0.9800063292677355        0.0                                 0
253         0.9786523071035622        0.0                                 0
254         0.9786418676154455        0.0                                 0
255         0.9786418676154455        0.0                                 0
256         0.9786592538011436        0.0                                 0
257         0.9812236193086261        0.0                                 0
258         0.9793199014838069        0.0                                 0
259         0.9793108560868441        0.0                                 0
260         0.9792004171167484        0.0                                 0
261         0.9786904728644519        0.0                                 0
262         0.9785809150485624        0.0                                 0
263         0.9785809150485624        0.0                                 0
264         0.9781234966499512        0.0                                 0
265         0.9781234966499512        0.0                                 0
266         0.9824049565921595        0.0                                 0
267         0.9824049565921595        0.0                                 0
268         0.982784467471169        0.0                                 0
269         0.982784467471169        0.0                                 0
270         0.9835465035104122        0.0                                 0
271         0.9712538327515005        0.0                                 0
272         0.9712538327515005        0.0                                 0
273         0.9695773827203241        0.0                                 0
274         0.9695773827203241        0.0                                 0
275         0.9731096357073933        0.0                                 0
276         0.9751380617646491        0.0                                 0
277         0.9665664512542096        0.0                                 0
278         0.965767117623673        0.0                                 0
279         0.965767117623673        0.0                                 0
280         0.9659120161630863        0.0                                 0
281         0.9669902399045831        0.0                                 0
282         0.9669902399045831        0.0                                 0
283         0.9670041098251262        0.0                                 0
284         0.9701384355082453        0.0                                 0
285         0.9708621671652321        0.0                                 0
286         0.9708455339746627        0.0                                 0
287         0.9708455339746627        0.0                                 0
288         0.9727939557726645        0.0                                 0
289         0.985074513739699        0.0                                 0
290         0.9849575458083479        0.0                                 0
291         0.9849575458083479        0.0                                 0
292         0.9748381011248543        0.0                                 0
293         0.9746967758141684        0.0                                 0
294         0.9745159599021168        0.0                                 0
295         0.9745159599021168        0.0                                 0
296         0.9744898598028238        0.0                                 0
297         0.9744898598028238        0.0                                 0
298         0.9746502376717034        0.0                                 0
299         0.9881508410666093        0.0                                 0
300         0.988329386366374        0.0                                 0
301         0.989301979282751        0.0                                 0
302         0.9900302057157111        0.0                                 0
303         0.9900302057157111        0.0                                 0
304         0.987672622812266        0.0                                 0
305         0.9876725900657061        0.0                                 0
306         0.9876725900657061        0.0                                 0
307         0.9881028082484853        0.0                                 0
308         0.9144799168175098        0.0                                 0
309         0.9064392813200501        0.0                                 0
310         0.906044496884661        0.0                                 0
311         0.906044496884661        0.0                                 0
312         0.9064246608803095        0.0                                 0
313         0.9064246608803095        0.0                                 0
314         0.9065384518476749        0.0                                 0
315         0.9069215646034232        0.0                                 0
316         0.9152109555172615        0.0                                 0
317         0.9153036568765167        0.0                                 0
318         0.9180323708544517        0.0                                 0
319         0.9454434547200531        0.0                                 0
320         0.9455509000257974        0.0                                 0
321         0.9327406018366383        0.0                                 0
322         0.9327406018366383        0.0                                 0
323         0.9359544430266046        0.0                                 0
324         0.9004958204772405        0.0                                 0
325         0.8921874866753668        0.0                                 0
326         0.8797000042373342        0.0                                 0
327         0.8590194516137073        0.0                                 0
328         0.8590101356005759        0.0                                 0
329         0.8563996457944042        0.0                                 0
330         0.8365388289510506        0.0                                 0
331         0.8365388289510506        0.0                                 0
332         0.8351742094269063        0.0                                 0
333         0.8351742094269063        0.0                                 0
334         0.8319210650379929        0.0                                 0
335         0.8319210650379929        0.0                                 0
336         0.8601529945354299        0.0                                 0
337         0.8451384648786203        0.0                                 0
338         0.8451384648786203        0.0                                 0
339         0.845252466555618        0.0                                 0
340         0.8453469600762735        0.0                                 0
341         0.8473308970589308        0.0                                 0
342         0.8401754509681599        0.0                                 0
343         0.8401754509681599        0.0                                 0
344         0.835878968079447        0.0                                 0
345         0.835878968079447        0.0                                 0
346         0.8359804519532377        0.0                                 0
347         0.8359804519532377        0.0                                 0
348         0.8346334209905801        0.0                                 0
349         0.8346334209905801        0.0                                 0
350         0.8354908611823492        0.0                                 0
351         0.8354908611823492        0.0                                 0
352         0.8652581612326558        0.0                                 0
353         0.8927633174369969        0.0                                 0
354         0.892420032788235        0.0                                 0
355         0.892420032788235        0.0                                 0
356         0.8589761548624133        0.0                                 0
357         0.8552352023117302        0.0                                 0
358         0.8552352023117302        0.0                                 0
359         0.8554286317037614        0.0                                 0
360         0.8553486750093968        0.0                                 0
361         0.8228591757968214        0.0                                 0
362         0.8228591757968214        0.0                                 0
363         0.8220003099963491        0.0                                 0
364         0.8220003099963491        0.0                                 0
365         0.8459389166316503        0.0                                 0
366         0.8473112799512746        0.0                                 0
367         0.8475315673261057        0.0                                 0
368         0.8468127239695747        0.0                                 0
369         0.8468127239695747        0.0                                 0
370         0.8468234783420449        0.0                                 0
371         0.8389508553823231        0.0                                 0
372         0.8389508553823231        0.0                                 0
373         0.8392437007087581        0.0                                 0
374         0.8392437007087581        0.0                                 0
375         0.8388959958650699        0.0                                 0
376         0.830305788019404        0.0                                 0
377         0.8292659035980018        0.0                                 0
378         0.8292659035980018        0.0                                 0
379         0.8291596403713479        0.0                                 0
380         0.8291596403713479        0.0                                 0
381         0.83559926905895        0.0                                 0
382         0.8356823194603648        0.0                                 0
383         0.8352194956645781        0.0                                 0
384         0.8352194956645781        0.0                                 0
385         0.8352310000955527        0.0                                 0
386         0.879583590977764        0.0                                 0
387         0.8680689293841588        0.0                                 0
388         0.8654123466618622        0.0                                 0
389         0.8654123466618622        0.0                                 0
390         0.8992300366947323        0.0                                 0
391         0.8992300366947323        0.0                                 0
392         0.9002906139630468        0.0                                 0
393         0.8865639443677866        0.0                                 0
394         0.8865639443677866        0.0                                 0
395         0.8977379288525482        0.0                                 0
396         0.8956464148010872        0.0                                 0
397         0.8940221023670981        0.0                                 0
398         0.8939999876490127        0.0                                 0
399         0.8939999876490127        0.0                                 0
400         0.8930649040116774        0.0                                 0
401         0.8930649040116774        0.0                                 0
402         0.8932051264963068        0.0                                 0
403         0.8605777580346905        0.0                                 0
404         0.8605777580346905        0.0                                 0
405         0.8650587772857962        0.0                                 0
406         0.8920818626007114        0.0                                 0
407         0.8920818626007114        0.0                                 0
408         0.89216264429392        0.0                                 0
409         0.8925724135811686        0.0                                 0
410         0.8943999842789582        0.0                                 0
411         0.9042096200633085        0.0                                 0
412         0.900161786036778        0.0                                 0
413         0.900161786036778        0.0                                 0
414         0.9009351357297177        0.0                                 0
415         0.9032384032752919        0.0                                 0
416         0.9033017441925062        0.0                                 0
417         0.9045145541774136        0.0                                 0
418         0.8884960158141877        0.0                                 0
419         0.8845033127086348        0.0                                 0
420         0.8845033127086348        0.0                                 0
421         0.8902826261527096        0.0                                 0
422         0.8903162857835332        0.0                                 0
423         0.890457903930699        0.0                                 0
424         0.8975073387107922        0.0                                 0
425         0.9003979710898535        0.0                                 0
426         0.8955754465855768        0.0                                 0
427         0.8916026356706703        0.0                                 0
428         0.8916026356706703        0.0                                 0
429         0.8934058280403278        0.0                                 0
430         1.0108975019481083        0.0                                 0
431         1.0108108066549342        0.0                                 0
432         1.0108091419524592        0.0                                 0
433         1.0108091419524592        0.0                                 0
434         1.0109035829257098        0.0                                 0
435         1.0109035829257098        0.0                                 0
436         1.0112339863909052        0.0                                 0
437         1.011604820353665        0.0                                 0
438         1.0116048209654551        0.0                                 0
439         1.0209514065917475        0.0                                 0
440         1.0209514065917475        0.0                                 0
441         1.020838003587629        0.0                                 0
442         1.020838003587629        0.0                                 0
443         1.0208388615594823        0.0                                 0
444         1.0208380036090448        0.0                                 0
445         1.0208380036090448        0.0                                 0
446         0.9840468390984752        0.0                                 0
447         0.9837394848544165        0.0                                 0
448         0.9837394848544165        0.0                                 0
449         0.9837870289185484        0.0                                 0
450         0.9832605705848221        0.0                                 0
451         0.9815035969800984        0.0                                 0
452         0.9815035969800984        0.0                                 0
453         0.9815053570942585        0.0                                 0
454         0.9818465227781453        0.0                                 0
455         0.9654432832862009        0.0                                 0
456         0.9654306902079122        0.0                                 0
457         0.9654242716903522        0.0                                 0
458         0.9647670442604065        0.0                                 0
459         0.9647670442604065        0.0                                 0
460         0.9664852884133028        0.0                                 0
461         0.9669823934737625        0.0                                 0
462         0.950486106043844        0.0                                 0
463         0.950486106043844        0.0                                 0
464         0.9525822966376323        0.0                                 0
465         0.9567655930802641        0.0                                 0
466         0.960483510866011        0.0                                 0
467         0.960483510866011        0.0                                 0
468         0.9556375078819963        0.0                                 0
469         0.9554145821934468        0.0                                 0
470         0.9533805696577233        0.0                                 0
471         0.9533805696577233        0.0                                 0
472         0.9600790676024494        0.0                                 0
473         0.9659941456612702        0.0                                 0
474         0.9657850921767739        0.0                                 0
475         0.9657850921767739        0.0                                 0
476         0.967606167417469        0.0                                 0
477         0.9697008652138318        0.0                                 0
478         0.9699928872788048        0.0                                 0
479         0.980094335408679        0.0                                 0
480         0.9777432688979448        0.0                                 0
481         0.9624944542664762        0.0                                 0
482         0.9594466347921466        0.0                                 0
483         0.957647118363981        0.0                                 0
484         0.9494885324744918        0.0                                 0
485         0.9494885324744918        0.0                                 0
486         0.9498076824253237        0.0                                 0
487         0.9682976908620191        0.0                                 0
488         0.9686400021461748        0.0                                 0
489         0.9686431381316288        0.0                                 0
490         0.9699995193581039        0.0                                 0
491         0.9700007799060393        0.0                                 0
492         0.9701680412146276        0.0                                 0
493         0.968360785479134        0.0                                 0
494         0.968360785479134        0.0                                 0
495         0.9675132661114075        0.0                                 0
496         0.9674632927515916        0.0                                 0
497         0.9674632927515916        0.0                                 0
498         0.9435892632755964        0.0                                 0
499         0.9435892632755964        0.0                                 0
500         0.94641337464465        0.0                                 0
501         0.9409545795482337        0.0                                 0
502         0.9409545795482337        0.0                                 0
503         0.9375086109798366        0.0                                 0
504         0.9375086109798366        0.0                                 0
505         0.9282144739688767        0.0                                 0
506         0.9281909862682971        0.0                                 0
507         0.9281223455498925        0.0                                 0
508         0.9281223455498925        0.0                                 0
509         0.9289238100953272        0.0                                 0
510         0.9289644413771394        0.0                                 0
511         0.9247249648716604        0.0                                 0
512         0.9247249648716604        0.0                                 0
513         0.9242201278037389        0.0                                 0
514         0.9242201278037389        0.0                                 0
515         0.92536888505346        0.0                                 0
516         0.92536888505346        0.0                                 0
517         0.9169445227115931        0.0                                 0
518         0.9169445227115931        0.0                                 0
519         0.9056196829744609        0.0                                 0
520         0.9005804939782651        0.0                                 0
521         0.9005804939782651        0.0                                 0
522         0.8945551471979818        0.0                                 0
523         0.8912766540437869        0.0                                 0
524         0.8884579777606723        0.0                                 0
525         0.8884579777606723        0.0                                 0
526         0.8907598508686752        0.0                                 0
527         0.8890623664276176        0.0                                 0
528         0.8890193489536153        0.0                                 0
529         0.8880076712040297        0.0                                 0
530         0.8800858683337245        0.0                                 0
531         0.8800858683337245        0.0                                 0
532         0.8791772731635983        0.0                                 0
533         0.8791772731635983        0.0                                 0
534         0.8572288460670774        0.0                                 0
535         0.8572288460670774        0.0                                 0
536         0.8572831110947443        0.0                                 0
537         0.8695364561363268        0.0                                 0
538         0.8690896877125076        0.0                                 0
539         0.8690896877125076        0.0                                 0
540         0.8873224979339451        0.0                                 0
541         0.8875830746628403        0.0                                 0
542         0.8123681340548377        0.0                                 0
543         0.8123681340548377        0.0                                 0
544         0.808865499187473        0.0                                 0
545         0.8088164061604612        0.0                                 0
546         0.8088164061604612        0.0                                 0
547         0.8103421438086262        0.0                                 0
548         0.8169701945157422        0.0                                 0
549         0.8132813856014216        0.0                                 0
550         0.8132813856014216        0.0                                 0
551         0.8137667076381006        0.0                                 0
552         0.9929930145965574        0.0                                 0
553         0.9916908859482187        0.0                                 0
554         0.9916908859482187        0.0                                 0
555         0.9893419771353488        0.0                                 0
556         0.9893361617340973        0.0                                 0
557         0.9893361617340973        0.0                                 0
558         0.9907505853216244        0.0                                 0
559         0.9897268817637286        0.0                                 0
560         0.9882098813865043        0.0                                 0
561         0.9882098813865043        0.0                                 0
562         0.9882244338512047        0.0                                 0
563         0.9884631219848253        0.0                                 0
564         0.9877877746455672        0.0                                 0
565         0.9877877746455672        0.0                                 0
566         0.9893756589351989        0.0                                 0
567         0.9893756589351989        0.0                                 0
568         0.9895100761237683        0.0                                 0
569         0.9897547681727148        0.0                                 0
570         0.9897524652325749        0.0                                 0
571         0.9897524652325749        0.0                                 0
572         0.9897730047898353        0.0                                 0
573         0.9896895481317056        0.0                                 0
574         0.9896895481317056        0.0                                 0
575         0.9926553167556562        0.0                                 0
576         0.9936670435244654        0.0                                 0
577         0.9906291500701482        0.0                                 0
578         0.9906285986786468        0.0                                 0
579         0.9904140453376628        0.0                                 0
580         0.9903383019588059        0.0                                 0
581         0.9903374788505922        0.0                                 0
582         0.990304162658846        0.0                                 0
583         0.9899431655668048        0.0                                 0
584         0.9891432081332482        0.0                                 0
585         0.9880026799301722        0.0                                 0
586         0.9877384075853846        0.0                                 0
587         0.9877384075853846        0.0                                 0
588         0.9877567618994691        0.0                                 0
589         0.9877567618994691        0.0                                 0
590         0.9876018608574293        0.0                                 0
591         0.9876018608574293        0.0                                 0
592         0.9914417747926207        0.0                                 0
593         0.9915959069340875        0.0                                 0
594         0.9917468104346046        0.0                                 0
595         0.991686870086793        0.0                                 0
596         0.991686870086793        0.0                                 0
597         1.0155251771394291        0.0                                 0
598         1.0154528013622257        0.0                                 0
599         1.0154528013622257        0.0                                 0
600         1.0153926046945196        0.0                                 0
601         1.0153926046945196        0.0                                 0
602         1.0153360971911651        0.0                                 0
603         1.0153360971911651        0.0                                 0
604         1.0150079151446065        0.0                                 0
605         1.0149501838558976        0.0                                 0
606         1.0149480696504056        0.0                                 0
607         1.0149480696504056        0.0                                 0
608         1.0156601619226082        0.0                                 0
609         1.0156539494661432        0.0                                 0
610         1.0152103257415115        0.0                                 0
611         1.0149697803997748        0.0                                 0
612         1.0149646306051445        0.0                                 0
613         0.8448534785376145        0.0                                 0
614         0.8448507020423354        0.0                                 0
615         0.8448507020423354        0.0                                 0
616         0.8431027404634011        0.0                                 0
617         0.842834345322882        0.0                                 0
618         0.842834345322882        0.0                                 0
619         0.8476691184745413        0.0                                 0
620         0.8457518070774054        0.0                                 0
621         0.8457518070774054        0.0                                 0
622         0.8494368640183314        0.0                                 0
623         0.8494368640183314        0.0                                 0
624         0.8495711946977302        0.0                                 0
625         0.8500494921670444        0.0                                 0
626         0.9137308981598529        0.0                                 0
627         0.9099598910234626        0.0                                 0
628         0.9099598910234626        0.0                                 0
629         0.9152896448867828        0.0                                 0
630         0.9159369658292931        0.0                                 0
631         0.9146422745307864        0.0                                 0
632         0.8836653781143178        0.0                                 0
633         0.8836653781143178        0.0                                 0
634         0.8937279778693127        0.0                                 0
635         0.8813381584764418        0.0                                 0
636         0.8813381584764418        0.0                                 0
637         0.9339172128977766        0.0                                 0
638         0.9737280941927332        0.0                                 0
639         0.9737280941927332        0.0                                 0
640         0.9807523518533142        0.0                                 0
641         0.9777709193267276        0.0                                 0
642         0.9777709193267276        0.0                                 0
643         0.980702201527521        0.0                                 0
644         0.9990003867539837        0.0                                 0
645         0.9990030143618243        0.0                                 0
646         0.9995226388126563        0.0                                 0
647         0.9995093033597655        0.0                                 0
648         0.9995093033597655        0.0                                 0
649         0.997659746886172        0.0                                 0
650         0.997659746886172        0.0                                 0
651         0.9971864249297564        0.0                                 0
652         0.9971406230068978        0.0                                 0
653         0.9971406230068978        0.0                                 0
654         0.9981134860834904        0.0                                 0
655         1.0017891036999576        0.0                                 0
656         1.000930561297229        0.0                                 0
657         1.000930561297229        0.0                                 0
658         1.0013867450524863        0.0                                 0
659         0.9971511523556179        0.0                                 0
660         0.9967919041481621        0.0                                 0
661         0.9966659466695749        0.0                                 0
662         0.9966659466695749        0.0                                 0
663         0.9980379056775457        0.0                                 0
664         0.9998151270200938        0.0                                 0
665         0.9989112371036828        0.0                                 0
666         0.9984741824778178        0.0                                 0
667         0.9984681027948222        0.0                                 0
668         0.9984681027948222        0.0                                 0
669         1.0000863569660572        0.0                                 0
670         1.0001255369685527        0.0                                 0
671         0.999936616494857        0.0                                 0
672         0.999936616494857        0.0                                 0
673         0.9999437672439735        0.0                                 0
674         0.9998839283363988        0.0                                 0
675         0.9998839283363988        0.0                                 0
676         1.0002753219747111        0.0                                 0
677         0.9995851623613171        0.0                                 0
678         0.9993650214342589        0.0                                 0
679         0.9973731248236789        0.0                                 0
680         0.9973731248236789        0.0                                 0
681         0.9972799014588561        0.0                                 0
682         0.9971981034715925        0.0                                 0
683         0.9971981034715925        0.0                                 0
684         0.9963341232998032        0.0                                 0
685         0.9884135721328251        0.0                                 0
686         0.9884135721328251        0.0                                 0
687         0.9884362889882874        0.0                                 0
688         0.9933394528593242        0.0                                 0
689         0.9957608718193341        0.0                                 0
690         0.9970211126667138        0.0                                 0
691         0.9951262201581376        0.0                                 0
692         0.9951262201581376        0.0                                 0
693         0.9971978423524355        0.0                                 0
694         0.9980370816053119        0.0                                 0
695         0.9980370816053119        0.0                                 0
696         0.9980446818791012        0.0                                 0
697         1.0027037082700434        0.0                                 0
698         1.0075272730952851        0.0                                 0
699         1.0075261854841475        0.0                                 0
700         1.0075261854841475        0.0                                 0
701         1.0075225941741666        0.0                                 0
702         1.0075225941741666        0.0                                 0
703         1.007527514182039        0.0                                 0
704         1.0075067111432352        0.0                                 0
705         1.007503907598908        0.0                                 0
706         1.0075015297872407        0.0                                 0
707         1.0074755926652952        0.0                                 0
708         1.0074755926652952        0.0                                 0
709         1.0075531205383483        0.0                                 0
710         1.0088541252051781        0.0                                 0
711         1.008341102403702        0.0                                 0
712         1.008341102403702        0.0                                 0
713         1.0083071650298758        0.0                                 0
714         1.0083071650298758        0.0                                 0
715         1.0079635148382629        0.0                                 0
716         1.0079635148382629        0.0                                 0
717         1.0080546894156175        0.0                                 0
718         1.0079912302310483        0.0                                 0
719         1.0047377987288995        0.0                                 0
720         1.0047165098521702        0.0                                 0
721         1.0040803965840484        0.0                                 0
722         1.0040803965840484        0.0                                 0
723         1.0041267719670148        0.0                                 0
724         1.004968894109318        0.0                                 0
725         1.0035597667231853        0.0                                 0
726         1.0035597667231853        0.0                                 0
727         1.0045659477502857        0.0                                 0
728         1.0044640767318875        0.0                                 0
729         1.0043918296132037        0.0                                 0
730         1.0043918296132037        0.0                                 0
731         1.0050893768317108        0.0                                 0
732         1.004628691382848        0.0                                 0
733         1.004259965545535        0.0                                 0
734         1.001937700378084        0.0                                 0
735         1.001091823945849        0.0                                 0
736         1.001091823945849        0.0                                 0
737         1.0011047679615508        0.0                                 0
738         0.9899653812524116        0.0                                 0
739         0.9899351767574129        0.0                                 0
740         0.9889089079662987        0.0                                 0
741         0.9889089079662987        0.0                                 0
742         0.9896627520444772        0.0                                 0
743         0.986673850979411        0.0                                 0
744         0.986673850979411        0.0                                 0
745         0.982834800260385        0.0                                 0
746         0.9828335889883376        0.0                                 0
747         0.9828335889883376        0.0                                 0
748         0.9829669108764195        0.0                                 0
749         0.9821094679409942        0.0                                 0
750         0.9819961558891352        0.0                                 0
751         0.9819919006414894        0.0                                 0
752         0.9782454548383769        0.0                                 0
753         0.9782029323075724        0.0                                 0
754         0.9775191940926495        0.0                                 0
755         0.9775191940926495        0.0                                 0
756         0.9771949867060921        0.0                                 0
757         0.9771949867060921        0.0                                 0
758         0.9810714211361403        0.0                                 0
759         0.9876585616369931        0.0                                 0
760         0.9876585616369931        0.0                                 0
761         0.9894934679474962        0.0                                 0
762         0.9962578484388207        0.0                                 0
763         0.9970062357307955        0.0                                 0
764         1.0004120449810219        0.0                                 0
765         1.0003754867118781        0.0                                 0
766         1.0003754867118781        0.0                                 0
767         1.0003935661031695        0.0                                 0
768         1.0003935661031695        0.0                                 0
769         1.0005955336305048        0.0                                 0
770         1.0011178081321876        0.0                                 0
771         1.00011141369535        0.0                                 0
772         0.9996340203189493        0.0                                 0
773         0.9777868332737181        0.0                                 0
774         0.9755291836199466        0.0                                 0
775         0.9755291836199466        0.0                                 0
776         0.9755318168514843        0.0                                 0
777         0.9750037892873172        0.0                                 0
778         0.9750037892873172        0.0                                 0
779         0.9718998424014315        0.0                                 0
780         0.9712656413178388        0.0                                 0
781         0.9652825706053746        0.0                                 0
782         0.9652307709263817        0.0                                 0
783         0.9652307709263817        0.0                                 0
784         0.965185685873755        0.0                                 0
785         0.9637296129686993        0.0                                 0
786         0.9637296129686993        0.0                                 0
787         0.830512264120031        0.0                                 0
788         0.8287825605183028        0.0                                 0
789         0.8287825605183028        0.0                                 0
790         0.8302851733857193        0.0                                 0
791         0.8384731456487847        0.0                                 0
792         0.8394509430386        0.0                                 0
793         0.8394399881312542        0.0                                 0
794         0.8392774327387353        0.0                                 0
795         0.8364522643370446        0.0                                 0
796         0.8364522643370446        0.0                                 0
797         0.8364916695440057        0.0                                 0
798         0.8369584738298887        0.0                                 0
799         0.8096346579547926        0.0                                 0
800         0.8084362491773898        0.0                                 0
801         0.8069523926359894        0.0                                 0
802         0.8057692412991129        0.0                                 0
803         0.803482439210663        0.0                                 0
804         0.8030923257256141        0.0                                 0
805         0.799825568848251        0.0                                 0
806         0.799825568848251        0.0                                 0
807         0.9196924591090334        0.0                                 0
808         0.9196924591090334        0.0                                 0
809         0.9342922040366972        0.0                                 0
810         0.9342922040366972        0.0                                 0
811         0.9345048177632528        0.0                                 0
812         0.9354269112861817        0.0                                 0
813         0.9038226508802184        0.0                                 0
814         0.9038226508802184        0.0                                 0
815         0.9045576964064665        0.0                                 0
816         0.8895206990345694        0.0                                 0
817         0.880602439629423        0.0                                 0
818         0.880602439629423        0.0                                 0
819         0.8809812577073024        0.0                                 0
820         0.8809812577073024        0.0                                 0
821         0.9140002647837516        0.0                                 0
822         0.9205740749416773        0.0                                 0
823         0.9270999770198783        0.0                                 0
824         0.9286528888465692        0.0                                 0
825         0.9261344088472382        0.0                                 0
826         0.9250940011877897        0.0                                 0
827         0.9250940011877897        0.0                                 0
828         0.9254173234769897        0.0                                 0
829         0.9381857918614216        0.0                                 0
830         0.9379467428967857        0.0                                 0
831         0.9379467428967857        0.0                                 0
832         0.9400280911543332        0.0                                 0
833         0.9688906916742279        0.0                                 0
834         0.9404210272852365        0.0                                 0
835         0.9404210272852365        0.0                                 0
836         0.9411713674697997        0.0                                 0
837         0.94932362208774        0.0                                 0
838         0.9746173273405964        0.0                                 0
839         0.9751502705474845        0.0                                 0
840         0.9607036429820203        0.0                                 0
841         0.9607036429820203        0.0                                 0
842         0.9608321535367457        0.0                                 0
843         0.9618937547947085        0.0                                 0
844         0.9618938825179006        0.0                                 0
845         0.961823569739839        0.0                                 0
846         0.9611906823929055        0.0                                 0
847         0.9611906823929055        0.0                                 0
848         1.029831253296543        0.0                                 0
849         1.0298286115019009        0.0                                 0
850         1.0298286115019009        0.0                                 0
851         1.026569302323552        0.0                                 0
852         1.026569302323552        0.0                                 0
853         1.026698140893717        0.0                                 0
854         1.0282476165396148        0.0                                 0
855         1.0282286859672543        0.0                                 0
856         1.0282286859672543        0.0                                 0
857         1.0298751556861991        0.0                                 0
858         1.0302584652373898        0.0                                 0
859         0.992136985946017        0.0                                 0
860         0.9921075971744624        0.0                                 0
861         0.9921075971744624        0.0                                 0
862         0.9933195712059019        0.0                                 0
863         0.9939856327531287        0.0                                 0
864         0.9927874286146859        0.0                                 0
865         0.9884732609761124        0.0                                 0
866         0.9884732609761124        0.0                                 0
867         0.9940377409693026        0.0                                 0
868         0.9940538217765514        0.0                                 0
869         0.9932064250581041        0.0                                 0
870         0.9932063759646844        0.0                                 0
871         0.9932063759646844        0.0                                 0
872         0.9933141537735443        0.0                                 0
873         0.9932583939732417        0.0                                 0
874         0.9929683640955708        0.0                                 0
875         0.9909930610399675        0.0                                 0
876         0.9908349222721019        0.0                                 0
877         0.9908349222721019        0.0                                 0
878         0.9907126508856319        0.0                                 0
879         0.9907126508856319        0.0                                 0
880         0.9905048999733933        0.0                                 0
881         0.9904734047780352        0.0                                 0
882         0.9904734047780352        0.0                                 0
883         0.9904851568136164        0.0                                 0
884         0.9904867512930464        0.0                                 0
885         0.995530236362304        0.0                                 0
886         0.995530236362304        0.0                                 0
887         0.9958219669521607        0.0                                 0
888         0.9958219669521607        0.0                                 0
889         0.9867207699022306        0.0                                 0
890         0.9867207699022306        0.0                                 0
891         0.986754174243945        0.0                                 0
892         0.986754174243945        0.0                                 0
893         0.9725049327579823        0.0                                 0
894         0.9723778098229157        0.0                                 0
895         0.9723778098229157        0.0                                 0
896         1.0998315881068008        0.0                                 0
897         1.0929598198900703        0.0                                 0
898         1.0746158191480666        0.0                                 0
899         1.0730438195513388        0.0                                 0
900         1.0730436537070995        0.0                                 0
901         1.0729425625707925        0.0                                 0
902         1.0729425625707925        0.0                                 0
903         1.0816146053836253        0.0                                 0
904         1.0815900309905047        0.0                                 0
905         1.0813949085132848        0.0                                 0
906         1.0813949085132848        0.0                                 0
907         1.0731476234993886        0.0                                 0
908         1.0731476234993886        0.0                                 0
909         1.0299582843473822        0.0                                 0
910         1.0299582843473822        0.0                                 0
911         1.0309427814055312        0.0                                 0
912         1.0309427814055312        0.0                                 0
913         1.0319313619477397        0.0                                 0
914         1.0287168945553056        0.0                                 0
915         1.0277582700763992        0.0                                 0
916         1.0277582700763992        0.0                                 0
917         1.0284386793242097        0.0                                 0
918         1.0284386793242097        0.0                                 0
919         1.0284450177747262        0.0                                 0
920         1.0284780919231349        0.0                                 0
921         1.0240126374156673        0.0                                 0
922         1.0240126374156673        0.0                                 0
923         1.0241816277086861        0.0                                 0
924         1.0234916631820128        0.0                                 0
925         1.0234903530441333        0.0                                 0
926         1.0234903530441333        0.0                                 0
927         1.022934250339984        0.0                                 0
928         1.022934250339984        0.0                                 0
929         1.0243530434738584        0.0                                 0
930         1.0222076675825467        0.0                                 0
931         1.018534945735202        0.0                                 0
932         1.018534945735202        0.0                                 0
933         1.0185470388270403        0.0                                 0
934         1.0185746659595187        0.0                                 0
935         1.011626533534979        0.0                                 0
936         1.011626533534979        0.0                                 0
937         1.0116277053238194        0.0                                 0
938         1.0116251652418675        0.0                                 0
939         1.0116251652418675        0.0                                 0
940         1.0116394803366147        0.0                                 0
941         1.0187338778944373        0.0                                 0
942         1.0187349333382452        0.0                                 0
943         1.0188398903868048        0.0                                 0
944         1.0187018989598624        0.0                                 0
945         1.0187018816242752        0.0                                 0
946         1.0187018816242752        0.0                                 0
947         1.0190441420178513        0.0                                 0
948         1.0190441420178513        0.0                                 0
949         1.0188769263841841        0.0                                 0
950         1.018408821733032        0.0                                 0
951         1.0181215375554922        0.0                                 0
952         1.0181149814674058        0.0                                 0
953         1.0181149814674058        0.0                                 0
954         1.0181185087491567        0.0                                 0
955         1.0183606917288375        0.0                                 0
956         1.0175958262409492        0.0                                 0
957         1.0175919204485868        0.0                                 0
958         0.9556080360048674        0.0                                 0
959         0.9556080360048674        0.0                                 0
960         0.9557176877312268        0.0                                 0
961         1.0081173064802784        0.0                                 0
962         1.0081173064802784        0.0                                 0
963         1.0081176007592982        0.0                                 0
964         1.0081221084868353        0.0                                 0
965         1.008024485379874        0.0                                 0
966         1.007866091774993        0.0                                 0
967         1.007866091774993        0.0                                 0
968         1.0374383091761339        0.0                                 0
969         1.0379728765767047        0.0                                 0
970         1.0379728765767047        0.0                                 0
971         1.0372876334196028        0.0                                 0
972         1.0372876334196028        0.0                                 0
973         1.0373889131386975        0.0                                 0
974         1.0373889131386975        0.0                                 0
975         1.0374018718021711        0.0                                 0
976         1.0338586421052935        0.0                                 0
977         1.0278414321667824        0.0                                 0
978         1.0278414321667824        0.0                                 0
979         1.0279837203896538        0.0                                 0
980         1.0123208168353512        0.0                                 0
981         1.0123208168353512        0.0                                 0
982         1.0123881822193888        0.0                                 0
983         1.0122639240459268        0.0                                 0
984         1.0122639240459268        0.0                                 0
985         1.01228037335909        0.0                                 0
986         1.0122854199223705        0.0                                 0
987         1.0276941103449933        0.0                                 0
988         1.0276941103449933        0.0                                 0
989         1.0279014695119941        0.0                                 0
990         1.0276777606659846        0.0                                 0
991         1.0276529735292217        0.0                                 0
992         1.0276529735292217        0.0                                 0
993         1.0288404731527991        0.0                                 0
994         1.0225779877006937        0.0                                 0
995         1.0225779877006937        0.0                                 0
996         1.0226210990396465        0.0                                 0
997         1.0226210495964845        0.0                                 0
998         1.0226210495964845        0.0                                 0
999         1.0217726606547302        0.0                                 0
// Funcion: griewank Enfriamiento: lineal Semilla: 2011430743