iteracion  mejor_solucion    distancia_euclidiana                 distancia_hamming
0         0.9800489955318241        0.0                                 0
1         0.9775109432207388        0.0                                 0
2         0.9769499701683484        0.0                                 0
3         0.9769499701683484        0.0                                 0
4         0.9793041095793246        0.0                                 0
5         0.9797718297634077        0.0                                 0
6         0.9797718297634077        0.0                                 0
7         0.9797709232858876        0.0                                 0
8         0.9797709232858876        0.0                                 0
9         0.9798959397664837        0.0                                 0
10         0.9798959397664837        0.0                                 0
11         0.9781591091935651        0.0                                 0
12         0.9781497464164604        0.0                                 0
13         0.9781497464164604        0.0                                 0
14         0.9792829601857866        0.0                                 0
15         0.9789903910053313        0.0                                 0
16         0.9789903910053313        0.0                                 0
17         0.9790333974517834        0.0                                 0
18         0.9968635189811756        0.0                                 0
19         0.9966607047769789        0.0                                 0
20         0.9966607047769789        0.0                                 0
21         0.9966643918240556        0.0                                 0
22         0.9965348005841088        0.0                                 0
23         0.9965348005841088        0.0                                 0
24         0.9967740404984036        0.0                                 0
25         0.9967740404984036        0.0                                 0
26         0.9977729006241114        0.0                                 0
27         0.9977729006241114        0.0                                 0
28         0.999822904723025        0.0                                 0
29         0.999822904723025        0.0                                 0
30         0.9998241603278565        0.0                                 0
31         0.9998258911157676        0.0                                 0
32         0.9998472255090584        0.0                                 0
33         0.9996277560208787        0.0                                 0
34         0.9996277560208787        0.0                                 0
35         1.0006231430779606        0.0                                 0
36         1.0005867588397512        0.0                                 0
37         1.0005867588397512        0.0                                 0
38         1.0005485061243102        0.0                                 0
39         1.0005485061243102        0.0                                 0
40         0.9998145899836008        0.0                                 0
41         0.9998145899836008        0.0                                 0
42         1.001883347925393        0.0                                 0
43         1.0019846482333192        0.0                                 0
44         1.003086009012544        0.0                                 0
45         1.0014219634726034        0.0                                 0
46         0.9866590105838198        0.0                                 0
47         0.9842796507519941        0.0                                 0
48         0.9842796507519941        0.0                                 0
49         0.9855049404902387        0.0                                 0
50         0.9856436451523258        0.0                                 0
51         0.9818186383235022        0.0                                 0
52         0.9818176652185006        0.0                                 0
53         0.9818163467821893        0.0                                 0
54         0.9818098803445281        0.0                                 0
55         0.980318981962504        0.0                                 0
56         0.9793119854833718        0.0                                 0
57         0.9790049804147786        0.0                                 0
58         0.9789773827054035        0.0                                 0
59         0.9789773827054035        0.0                                 0
60         0.9792602549696455        0.0                                 0
61         0.9711387578389159        0.0                                 0
62         0.9711387578389159        0.0                                 0
63         0.9698291752268717        0.0                                 0
64         0.9698291752268717        0.0                                 0
65         0.9709444886503495        0.0                                 0
66         0.9688893295605622        0.0                                 0
67         0.968703738732271        0.0                                 0
68         0.967717923117335        0.0                                 0
69         0.967717923117335        0.0                                 0
70         0.9677513218338043        0.0                                 0
71         0.9677513218338043        0.0                                 0
72         0.9682318312429639        0.0                                 0
73         0.9110549971221855        0.0                                 0
74         0.9100993977599315        0.0                                 0
75         0.9098206224182755        0.0                                 0
76         0.8971851929601066        0.0                                 0
77         0.8883926993685242        0.0                                 0
78         0.85269812328528        0.0                                 0
79         0.8510544538539203        0.0                                 0
80         0.8510544538539203        0.0                                 0
81         0.890265691055693        0.0                                 0
82         0.890265691055693        0.0                                 0
83         0.8903934517032052        0.0                                 0
84         0.9000932379141919        0.0                                 0
85         0.9000932379141919        0.0                                 0
86         0.9192418579742836        0.0                                 0
87         0.9192418579742836        0.0                                 0
88         0.9192806364922037        0.0                                 0
89         0.9177307883615665        0.0                                 0
90         0.9177307883615665        0.0                                 0
91         0.9657131714605511        0.0                                 0
92         0.9657039727500082        0.0                                 0
93         0.9629994716817284        0.0                                 0
94         0.9627736646758026        0.0                                 0
95         0.9624597510641563        0.0                                 0
96         0.9624597510641563        0.0                                 0
97         0.9635993116974291        0.0                                 0
98         0.9723964906165352        0.0                                 0
99         0.9723964906165352        0.0                                 0
100         0.9735748565522978        0.0                                 0
101         0.97202542923884        0.0                                 0
102         0.9710669165727185        0.0                                 0
103         0.9710577169592881        0.0                                 0
104         0.9621904503088136        0.0                                 0
105         0.9621904503088136        0.0                                 0
106         0.9618872013439131        0.0                                 0
107         0.9618872013439131        0.0                                 0
108         0.9623523525561254        0.0                                 0
109         0.9685608937126428        0.0                                 0
110         1.014542093091497        0.0                                 0
111         1.0202239946028235        0.0                                 0
112         1.0154922395276258        0.0                                 0
113         1.0154730489202215        0.0                                 0
114         1.0154730489202215        0.0                                 0
115         0.9599297349852073        0.0                                 0
116         0.9599297349852073        0.0                                 0
117         0.9599773258528661        0.0                                 0
118         0.9599773258528661        0.0                                 0
119         0.9610496103341082        0.0                                 0
120         0.9610496103341082        0.0                                 0
121         0.9557261387176492        0.0                                 0
122         0.9448454136959653        0.0                                 0
123         0.9448454136959653        0.0                                 0
124         0.9471019680674907        0.0                                 0
125         0.9449558902150542        0.0                                 0
126         0.9449558902150542        0.0                                 0
127         0.9460798602972336        0.0                                 0
128         0.9466421163960576        0.0                                 0
129         0.9465341491031126        0.0                                 0
130         0.9465341491031126        0.0                                 0
131         0.946775184172409        0.0                                 0
132         0.9478524226614244        0.0                                 0
133         0.9478524226614244        0.0                                 0
134         0.954303825711164        0.0                                 0
135         0.9549057595291724        0.0                                 0
136         0.9499784748095456        0.0                                 0
137         0.9499784748095456        0.0                                 0
138         0.9883512158144121        0.0                                 0
139         0.9884351107760143        0.0                                 0
140         0.9865370150714299        0.0                                 0
141         0.9864348970369261        0.0                                 0
142         0.9841852665764711        0.0                                 0
143         0.9841852665764711        0.0                                 0
144         0.9842221325281117        0.0                                 0
145         0.9854677542142048        0.0                                 0
146         0.9852368425829491        0.0                                 0
147         0.980136876974118        0.0                                 0
148         0.980136876974118        0.0                                 0
149         0.9803341121180206        0.0                                 0
150         0.9803341121180206        0.0                                 0
151         0.9803928254265479        0.0                                 0
152         0.9832853916029483        0.0                                 0
153         0.9824405475868792        0.0                                 0
154         0.9821783719480541        0.0                                 0
155         0.9821783719480541        0.0                                 0
156         0.9821856423910578        0.0                                 0
157         0.9831205775866464        0.0                                 0
158         0.9848291779903753        0.0                                 0
159         0.9810702545217312        0.0                                 0
160         0.9810493106392925        0.0                                 0
161         0.981009589222491        0.0                                 0
162         0.9789138878717185        0.0                                 0
163         0.9789138878717185        0.0                                 0
164         0.985849876151284        0.0                                 0
165         0.985849876151284        0.0                                 0
166         0.9877779883417661        0.0                                 0
167         0.9667190984778952        0.0                                 0
168         0.9667190984778952        0.0                                 0
169         0.9667430351203442        0.0                                 0
170         0.9673237660630516        0.0                                 0
171         0.9673237660630516        0.0                                 0
172         0.9641119697134518        0.0                                 0
173         0.9641119697134518        0.0                                 0
174         0.9654760179491323        0.0                                 0
175         0.9679914392102421        0.0                                 0
176         0.9679923742765731        0.0                                 0
177         0.9622448844149716        0.0                                 0
178         0.958410176748723        0.0                                 0
179         0.958410176748723        0.0                                 0
180         0.9577561031380418        0.0                                 0
181         0.9577561031380418        0.0                                 0
182         0.9596337136933026        0.0                                 0
183         0.9590584115253675        0.0                                 0
184         0.9587538856039092        0.0                                 0
185         0.9555122158013394        0.0                                 0
186         0.9555122158013394        0.0                                 0
187         0.9555187982288138        0.0                                 0
188         0.9557239187974983        2.23606797749979                                 5
189         0.9557239187974983        0.0                                 0
190         0.9601293132340981        0.0                                 0
191         0.9601293132340981        0.0                                 0
192         0.9602101918067064        0.0                                 0
193         0.9602101918067064        0.0                                 0
194         0.962379884998547        0.0                                 0
195         0.962556004405246        0.0                                 0
196         0.9648406802119069        2.23606797749979                                 5
197         0.9647994311294944        0.0                                 0
198         0.9647575419045643        0.0                                 0
199         0.9644017664402506        0.0                                 0
200         0.9609168603859184        0.0                                 0
201         0.9608529879448462        0.0                                 0
202         0.9602114734020034        0.0                                 0
203         0.9601882477372188        0.0                                 0
204         0.9539621625736389        0.0                                 0
205         0.9539621625736389        0.0                                 0
206         0.7746043276522646        0.0                                 0
207         0.7746043276522646        0.0                                 0
208         0.7645197551873293        0.0                                 0
209         0.7594328922798934        0.0                                 0
210         0.7594279559296165        0.0                                 0
211         0.7580751250218473        0.0                                 0
212         0.7580751250218473        2.23606797749979                                 5
213         0.7580751250218473        0.0                                 0
214         0.7638970736292426        0.0                                 0
215         0.7638970736292426        0.0                                 0
216         0.7730131346860256        0.0                                 0
217         0.7734506933121982        0.0                                 0
218         0.7746106771991134        0.0                                 0
219         0.7746106771991134        0.0                                 0
220         0.7775405996347899        0.0                                 0
221         0.778569796577878        0.0                                 0
222         0.775659550180482        0.0                                 0
223         0.770305316097819        0.0                                 0
224         0.770305316097819        2.23606797749979                                 5
225         0.7662500564448815        0.0                                 0
226         0.7662500564448815        0.0                                 0
227         0.7686552717822768        0.0                                 0
228         0.7686552717822768        2.23606797749979                                 5
229         0.7686552717822768        2.23606797749979                                 5
230         0.7337881750364674        0.0                                 0
231         0.7202297066991008        0.0                                 0
232         0.690897809447282        0.0                                 0
233         0.690897809447282        2.23606797749979                                 5
234         0.6908522170216502        0.0                                 0
235         0.6908522170216502        2.23606797749979                                 5
236         0.6907466315957411        0.0                                 0
237         0.6906735347439122        0.0                                 0
238         0.6571837060308774        0.0                                 0
239         0.6571837060308774        0.0                                 0
240         0.6592378299272681        0.0                                 0
241         0.6593221546321323        2.23606797749979                                 5
242         0.6586304297482095        0.0                                 0
243         0.6586304297482095        2.23606797749979                                 5
244         0.6586304297482095        2.23606797749979                                 5
245         0.6348250001535023        0.0                                 0
246         0.6348250001535023        2.23606797749979                                 5
247         0.6227313584513833        0.0                                 0
248         0.6220986390131766        0.0                                 0
249         0.6171467229223091        0.0                                 0
250         0.6171467229223091        0.0                                 0
251         0.6191650474048381        0.0                                 0
252         0.6204163829025771        0.0                                 0
253         0.6170374224017188        0.0                                 0
254         0.6170374224017188        2.23606797749979                                 5
255         0.6170374224017188        0.0                                 0
256         0.6174415969085637        2.23606797749979                                 5
257         0.6174415969085637        2.23606797749979                                 5
258         0.6174415969085637        2.23606797749979                                 5
259         0.6154297091582898        0.0                                 0
260         0.6154297091582898        2.23606797749979                                 5
261         0.6082873415676439        0.0                                 0
262         0.6076572720207748        0.0                                 0
263         0.6076190274362555        0.0                                 0
264         0.6076190274362555        2.23606797749979                                 5
265         0.6076190274362555        2.23606797749979                                 5
266         0.6076190274362555        0.0                                 0
267         0.5968888224214202        0.0                                 0
268         0.5968888224214202        2.23606797749979                                 5
269         0.5968888224214202        0.0                                 0
270         0.5911367359025204        0.0                                 0
271         0.5911367359025204        2.23606797749979                                 5
272         0.5911367359025204        2.23606797749979                                 5
273         0.5096330484934207        0.0                                 0
274         0.5071810171396242        0.0                                 0
275         0.5071810171396242        0.0                                 0
276         0.5072668303087575        0.0                                 0
277         0.5073155388572699        2.23606797749979                                 5
278         0.4784557242527624        0.0                                 0
279         0.4783558602141893        0.0                                 0
280         0.4783558602141893        2.23606797749979                                 5
281         0.478286276919728        0.0                                 0
282         0.478286276919728        0.0                                 0
283         0.47886643672010465        2.23606797749979                                 5
284         0.4780880006848891        0.0                                 0
285         0.4780880006848891        2.23606797749979                                 5
286         0.4780880006848891        2.23606797749979                                 5
287         0.4780880006848891        2.23606797749979                                 5
288         0.47328816476258584        0.0                                 0
289         0.47328816476258584        2.23606797749979                                 5
290         0.47328816476258584        2.23606797749979                                 5
291         0.47328816476258584        2.23606797749979                                 5
292         0.4706950053635628        0.0                                 0
293         0.4706950053635628        0.0                                 0
294         0.4708633682230602        2.23606797749979                                 5
295         0.4708633682230602        2.23606797749979                                 5
296         0.4708633682230602        2.23606797749979                                 5
297         0.4708633682230602        2.23606797749979                                 5
298         0.4704707210910303        0.0                                 0
299         0.4704707210910303        2.23606797749979                                 5
300         0.4704707210910303        0.0                                 0
301         0.47051882363521313        0.0                                 0
302         0.47051882363521313        2.23606797749979                                 5
303         0.4696566476110171        0.0                                 0
304         0.4696566476110171        2.23606797749979                                 5
305         0.4696566476110171        0.0                                 0
306         0.4696682808189122        2.23606797749979                                 5
307         0.4696682808189122        2.23606797749979                                 5
308         0.46632618928226155        0.0                                 0
309         0.46632618928226155        2.23606797749979                                 5
310         0.46632618928226155        2.23606797749979                                 5
311         0.46632618928226155        2.23606797749979                                 5
312         0.46614153926214674        0.0                                 0
313         0.46614153926214674        2.23606797749979                                 5
314         0.4618476597478801        0.0                                 0
315         0.4618476597478801        2.23606797749979                                 5
316         0.4618476597478801        1.7320508075688772                                 3
317         0.4618476597478801        2.23606797749979                                 5
318         0.4618193467424895        0.0                                 0
319         0.4618193467424895        2.23606797749979                                 5
320         0.4618193467424895        2.23606797749979                                 5
321         0.4618193467424895        2.23606797749979                                 5
322         0.4618193467424895        2.23606797749979                                 5
323         0.4618193467424895        2.23606797749979                                 5
324         0.4618193467424895        2.23606797749979                                 5
325         0.46175132327426094        0.0                                 0
326         0.4596946624512337        0.0                                 0
327         0.45964157542804707        0.0                                 0
328         0.45964157542804707        2.23606797749979                                 5
329         0.2879334486838412        0.0                                 0
330         0.28479199590076576        0.0                                 0
331         0.28479199590076576        2.23606797749979                                 5
332         0.28479199590076576        2.23606797749979                                 5
333         0.28479199590076576        2.23606797749979                                 5
334         0.28479199590076576        2.23606797749979                                 5
335         0.28479199590076576        2.23606797749979                                 5
336         0.28479199590076576        2.23606797749979                                 5
337         0.2810758742894254        0.0                                 0
338         0.2810758742894254        2.23606797749979                                 5
339         0.2810348244800185        0.0                                 0
340         0.2810348244800185        2.23606797749979                                 5
341         0.2810348244800185        2.23606797749979                                 5
342         0.2810348244800185        2.23606797749979                                 5
343         0.2810348244800185        2.23606797749979                                 5
344         0.2810348244800185        2.23606797749979                                 5
345         0.2810348244800185        2.23606797749979                                 5
346         0.2810348244800185        2.23606797749979                                 5
347         0.2810348244800185        2.23606797749979                                 5
348         0.2810348244800185        2.23606797749979                                 5
349         0.2810348244800185        2.23606797749979                                 5
350         0.2810348244800185        2.23606797749979                                 5
351         0.27882698844322396        0.0                                 0
352         0.27882698844322396        2.23606797749979                                 5
353         0.27882698844322396        2.23606797749979                                 5
354         0.27882698844322396        2.23606797749979                                 5
355         0.27882698844322396        2.23606797749979                                 5
356         0.2754509183177426        0.0                                 0
357         0.2754509183177426        2.23606797749979                                 5
358         0.2749218945536164        0.0                                 0
359         0.2749218945536164        2.23606797749979                                 5
360         0.2749218945536164        2.23606797749979                                 5
361         0.26547337861087716        0.0                                 0
362         0.26547337861087716        2.23606797749979                                 5
363         0.26547337861087716        2.23606797749979                                 5
364         0.26547337861087716        2.23606797749979                                 5
365         0.26547337861087716        2.23606797749979                                 5
366         0.26547337861087716        2.23606797749979                                 5
367         0.26547337861087716        2.23606797749979                                 5
368         0.2654733363084547        0.0                                 0
369         0.2653711633993081        0.0                                 0
370         0.2430476480583672        0.0                                 0
371         0.1929668692966281        0.0                                 0
372         0.18944907376841358        0.0                                 0
373         0.18944907376841358        2.23606797749979                                 5
374         0.18944907376841358        0.0                                 0
375         0.18944972455383158        2.23606797749979                                 5
376         0.18944972455383158        2.23606797749979                                 5
377         0.18944972455383158        2.23606797749979                                 5
378         0.18944972455383158        2.23606797749979                                 5
379         0.18944972455383158        2.23606797749979                                 5
380         0.18944972455383158        2.23606797749979                                 5
381         0.18944972455383158        2.23606797749979                                 5
382         0.18716095410752054        0.0                                 0
383         0.18716095410752054        2.23606797749979                                 5
384         0.15444089149099716        0.0                                 0
385         0.15444089149099716        2.23606797749979                                 5
386         0.15444089149099716        2.23606797749979                                 5
387         0.15444089149099716        2.23606797749979                                 5
388         0.15444089149099716        2.23606797749979                                 5
389         0.15444089149099716        2.23606797749979                                 5
390         0.1534962415167952        0.0                                 0
391         0.1534962415167952        2.23606797749979                                 5
392         0.1534962415167952        2.23606797749979                                 5
393         0.1534962415167952        2.23606797749979                                 5
394         0.1534962415167952        2.23606797749979                                 5
395         0.1534962415167952        2.23606797749979                                 5
396         0.1534962415167952        2.23606797749979                                 5
397         0.15270468439822726        0.0                                 0
398         0.15270468439822726        2.23606797749979                                 5
399         0.15270468439822726        2.23606797749979                                 5
400         0.15270468439822726        2.23606797749979                                 5
401         0.15270468439822726        2.23606797749979                                 5
402         0.15270468439822726        2.23606797749979                                 5
403         0.15270468439822726        2.23606797749979                                 5
404         0.15256378137709226        0.0                                 0
405         0.15256378137709226        2.23606797749979                                 5
406         0.15256378137709226        2.23606797749979                                 5
407         0.15256378137709226        2.23606797749979                                 5
408         0.15256378137709226        2.23606797749979                                 5
409         0.15191738838045288        0.0                                 0
410         0.15191738838045288        2.23606797749979                                 5
411         0.15191738838045288        2.23606797749979                                 5
412         0.15145181772149663        0.0                                 0
413         0.15145181772149663        2.23606797749979                                 5
414         0.15145181772149663        2.23606797749979                                 5
415         0.15145181772149663        2.23606797749979                                 5
416         0.15145181772149663        2.23606797749979                                 5
417         0.15145181772149663        2.23606797749979                                 5
418         0.15145181772149663        2.23606797749979                                 5
419         0.15145181772149663        2.23606797749979                                 5
420         0.15145181772149663        2.23606797749979                                 5
421         0.15145181772149663        2.23606797749979                                 5
422         0.15145181772149663        2.23606797749979                                 5
423         0.15145181772149663        2.23606797749979                                 5
424         0.14988208546711035        0.0                                 0
425         0.13738048538112313        0.0                                 0
426         0.13738048538112313        2.23606797749979                                 5
427         0.12754021767105927        0.0                                 0
428         0.10700459350357994        0.0                                 0
429         0.10700459350357994        2.23606797749979                                 5
430         0.10700459350357994        2.23606797749979                                 5
431         0.10700459350357994        2.23606797749979                                 5
432         0.10700459350357994        2.23606797749979                                 5
433         0.1051319394213659        0.0                                 0
434         0.1051319394213659        2.23606797749979                                 5
435         0.1051319394213659        2.23606797749979                                 5
436         0.1051319394213659        2.23606797749979                                 5
437         0.10187479198925609        0.0                                 0
438         0.10187479198925609        2.23606797749979                                 5
439         0.10185853968935576        0.0                                 0
440         0.10185853968935576        2.23606797749979                                 5
441         0.10011910367365073        0.0                                 0
442         0.10011910367365073        2.23606797749979                                 5
443         0.10011910367365073        2.23606797749979                                 5
444         0.07057431029615524        0.0                                 0
445         0.07057431029615524        2.23606797749979                                 5
446         0.07057431029615524        2.23606797749979                                 5
447         0.07057431029615524        2.23606797749979                                 5
448         0.07057431029615524        2.23606797749979                                 5
449         0.07056709925788152        0.0                                 0
450         0.07056709925788152        2.23606797749979                                 5
451         0.07056709925788152        2.23606797749979                                 5
452         0.07056709925788152        2.23606797749979                                 5
453         0.07056668534541521        0.0                                 0
454         0.06819882239631814        0.0                                 0
455         0.06807064889330039        0.0                                 0
456         0.06807064889330039        2.23606797749979                                 5
457         0.06807064889330039        2.23606797749979                                 5
458         0.06807064889330039        2.23606797749979                                 5
459         0.06807064889330039        2.23606797749979                                 5
460         0.06807064889330039        2.23606797749979                                 5
461         0.06807064889330039        2.23606797749979                                 5
462         0.06806760513296417        0.0                                 0
463         0.06766046652754532        0.0                                 0
464         0.06757697837492549        0.0                                 0
465         0.067526763301897        0.0                                 0
466         0.067526763301897        2.23606797749979                                 5
467         0.067526763301897        2.23606797749979                                 5
468         0.067526763301897        2.23606797749979                                 5
469         0.0673580313841936        0.0                                 0
470         0.0673580313841936        2.23606797749979                                 5
471         0.0673580313841936        2.23606797749979                                 5
472         0.0673580313841936        2.23606797749979                                 5
473         0.0673580313841936        2.23606797749979                                 5
474         0.0673580313841936        2.23606797749979                                 5
475         0.0673580313841936        2.23606797749979                                 5
476         0.0673580313841936        2.23606797749979                                 5
477         0.0673580313841936        2.23606797749979                                 5
478         0.0673580313841936        2.23606797749979                                 5
479         0.0673580313841936        2.23606797749979                                 5
480         0.0673580313841936        2.23606797749979                                 5
481         0.0673580313841936        2.23606797749979                                 5
482         0.0673580313841936        2.23606797749979                                 5
483         0.06712445531271383        0.0                                 0
484         0.06712445531271383        2.23606797749979                                 5
485         0.06712445531271383        2.23606797749979                                 5
486         0.06712445531271383        2.23606797749979                                 5
487         0.06711790689442787        0.0                                 0
488         0.06711790689442787        2.23606797749979                                 5
489         0.06711790689442787        2.23606797749979                                 5
490         0.06711790689442787        2.23606797749979                                 5
491         0.06711790689442787        2.23606797749979                                 5
492         0.06711790689442787        2.23606797749979                                 5
493         0.06711790689442787        1.7320508075688772                                 3
494         0.06711790689442787        2.23606797749979                                 5
495         0.06711790689442787        2.23606797749979                                 5
496         0.06711790689442787        2.23606797749979                                 5
497         0.06711790689442787        2.23606797749979                                 5
498         0.06711790689442787        2.23606797749979                                 5
499         0.06711790689442787        2.23606797749979                                 5
500         0.06711790689442787        2.23606797749979                                 5
501         0.06711790689442787        2.23606797749979                                 5
502         0.06652213838283572        0.0                                 0
503         0.06652213838283572        2.23606797749979                                 5
504         0.06652213838283572        2.23606797749979                                 5
505         0.06652213838283572        2.23606797749979                                 5
506         0.06652213838283572        2.23606797749979                                 5
507         0.06652213838283572        2.23606797749979                                 5
508         0.06652213838283572        2.23606797749979                                 5
509         0.06652213838283572        2.23606797749979                                 5
510         0.06652213838283572        2.23606797749979                                 5
511         0.06652213838283572        2.23606797749979                                 5
512         0.06652213838283572        2.23606797749979                                 5
513         0.06652213838283572        2.23606797749979                                 5
514         0.06649896958724322        0.0                                 0
515         0.06649896958724322        2.23606797749979                                 5
516         0.0629892966071568        0.0                                 0
517         0.0629892966071568        2.23606797749979                                 5
518         0.0629892966071568        2.23606797749979                                 5
519         0.0629892966071568        2.23606797749979                                 5
520         0.0629892966071568        2.23606797749979                                 5
521         0.0629892966071568        2.23606797749979                                 5
522         0.06285969335800934        0.0                                 0
523         0.06285969335800934        2.23606797749979                                 5
524         0.06285969335800934        2.23606797749979                                 5
525         0.06285969335800934        2.23606797749979                                 5
526         0.06285969335800934        2.23606797749979                                 5
527         0.06285969335800934        2.23606797749979                                 5
528         0.06276527320380243        0.0                                 0
529         0.06276527320380243        2.23606797749979                                 5
530         0.06276527320380243        2.23606797749979                                 5
531         0.06276527320380243        2.23606797749979                                 5
532         0.06276527320380243        2.23606797749979                                 5
533         0.06276527320380243        2.23606797749979                                 5
534         0.06276527320380243        2.23606797749979                                 5
535         0.06276527320380243        2.23606797749979                                 5
536         0.06276527320380243        2.23606797749979                                 5
537         0.06276527320380243        2.23606797749979                                 5
538         0.06276527320380243        2.23606797749979                                 5
539         0.06276527320380243        2.23606797749979                                 5
540         0.06276527320380243        2.23606797749979                                 5
541         0.06276527320380243        2.23606797749979                                 5
542         0.06276527320380243        2.23606797749979                                 5
543         0.06276527320380243        2.23606797749979                                 5
544         0.06250805303911311        0.0                                 0
545         0.06250805303911311        2.23606797749979                                 5
546         0.05385843639284116        0.0                                 0
547         0.05375276953232577        0.0                                 0
548         0.05375276953232577        2.23606797749979                                 5
549         0.05371519728350127        0.0                                 0
550         0.04520305177625272        0.0                                 0
551         0.04520305177625272        2.23606797749979                                 5
552         0.04520305177625272        2.23606797749979                                 5
553         0.04520305177625272        2.23606797749979                                 5
554         0.04520305177625272        2.23606797749979                                 5
555         0.04520305177625272        2.23606797749979                                 5
556         0.04520305177625272        2.23606797749979                                 5
557         0.04520305177625272        2.23606797749979                                 5
558         0.04520305177625272        2.23606797749979                                 5
559         0.04520305177625272        2.23606797749979                                 5
560         0.04520305177625272        2.23606797749979                                 5
561         0.0447844383648327        0.0                                 0
562         0.0447844383648327        2.23606797749979                                 5
563         0.0447844383648327        2.23606797749979                                 5
564         0.04435244703726604        0.0                                 0
565         0.04435244703726604        2.23606797749979                                 5
566         0.04331657692850466        0.0                                 0
567         0.04308268279364236        0.0                                 0
568         0.04308268279364236        2.23606797749979                                 5
569         0.04308268279364236        2.23606797749979                                 5
570         0.04308268279364236        2.23606797749979                                 5
571         0.04308268279364236        2.23606797749979                                 5
572         0.043081782623754394        0.0                                 0
573         0.043081782623754394        2.23606797749979                                 5
574         0.043081782623754394        2.23606797749979                                 5
575         0.043081782623754394        2.23606797749979                                 5
576         0.043081782623754394        2.23606797749979                                 5
577         0.043081782623754394        2.23606797749979                                 5
578         0.043081782623754394        2.23606797749979                                 5
579         0.043081782623754394        2.23606797749979                                 5
580         0.043081782623754394        2.23606797749979                                 5
581         0.043081782623754394        2.23606797749979                                 5
582         0.043081782623754394        2.23606797749979                                 5
583         0.043081782623754394        2.23606797749979                                 5
584         0.043081782623754394        2.23606797749979                                 5
585         0.043081782623754394        2.23606797749979                                 5
586         0.043081782623754394        2.23606797749979                                 5
587         0.043081782623754394        2.23606797749979                                 5
588         0.043081782623754394        2.23606797749979                                 5
589         0.043041866789956806        0.0                                 0
590         0.043041866789956806        2.23606797749979                                 5
591         0.043041866789956806        2.23606797749979                                 5
592         0.043041866789956806        2.23606797749979                                 5
593         0.04285979859959954        0.0                                 0
594         0.04285979859959954        2.23606797749979                                 5
595         0.042751159149022167        0.0                                 0
596         0.042751159149022167        2.23606797749979                                 5
597         0.042751159149022167        2.23606797749979                                 5
598         0.042751159149022167        2.23606797749979                                 5
599         0.042751159149022167        2.23606797749979                                 5
600         0.042751159149022167        2.23606797749979                                 5
601         0.042751159149022167        2.23606797749979                                 5
602         0.042751159149022167        2.23606797749979                                 5
603         0.042751159149022167        2.23606797749979                                 5
604         0.042228489839609695        0.0                                 0
605         0.042228489839609695        2.23606797749979                                 5
606         0.042228489839609695        2.23606797749979                                 5
607         0.042228489839609695        2.23606797749979                                 5
608         0.042228489839609695        2.23606797749979                                 5
609         0.042228489839609695        2.23606797749979                                 5
610         0.042228489839609695        2.23606797749979                                 5
611         0.042228489839609695        2.23606797749979                                 5
612         0.042228489839609695        2.23606797749979                                 5
613         0.041701833262194676        0.0                                 0
614         0.041701833262194676        2.23606797749979                                 5
615         0.041701833262194676        2.23606797749979                                 5
616         0.041701833262194676        2.23606797749979                                 5
617         0.041701833262194676        2.23606797749979                                 5
618         0.041701833262194676        2.23606797749979                                 5
619         0.041701833262194676        2.23606797749979                                 5
620         0.041701833262194676        2.23606797749979                                 5
621         0.04129543127229274        0.0                                 0
622         0.04129543127229274        2.23606797749979                                 5
623         0.04129543127229274        2.23606797749979                                 5
624         0.04129543127229274        2.23606797749979                                 5
625         0.04129543127229274        2.23606797749979                                 5
626         0.04129543127229274        2.23606797749979                                 5
627         0.04129543127229274        2.23606797749979                                 5
628         0.04129543127229274        2.23606797749979                                 5
629         0.04129543127229274        2.23606797749979                                 5
630         0.04129543127229274        2.23606797749979                                 5
631         0.04129543127229274        2.23606797749979                                 5
632         0.04129543127229274        2.23606797749979                                 5
633         0.04129543127229274        2.23606797749979                                 5
634         0.04004732990306703        0.0                                 0
635         0.04004732990306703        2.23606797749979                                 5
636         0.04004732990306703        2.23606797749979                                 5
637         0.04003977571737671        0.0                                 0
638         0.04003977571737671        2.23606797749979                                 5
639         0.04003977571737671        2.23606797749979                                 5
640         0.04003977571737671        2.23606797749979                                 5
641         0.04003977571737671        2.23606797749979                                 5
642         0.04003977571737671        2.23606797749979                                 5
643         0.04003977571737671        2.23606797749979                                 5
644         0.04003977571737671        2.23606797749979                                 5
645         0.04003977571737671        2.23606797749979                                 5
646         0.04003977571737671        2.23606797749979                                 5
647         0.04003977571737671        1.7320508075688772                                 3
648         0.04003977571737671        2.23606797749979                                 5
649         0.04003977571737671        2.23606797749979                                 5
650         0.04003977571737671        2.23606797749979                                 5
651         0.04003394598650889        0.0                                 0
652         0.04003394598650889        2.23606797749979                                 5
653         0.03977399167390294        0.0                                 0
654         0.03977399167390294        2.23606797749979                                 5
655         0.03977399167390294        2.23606797749979                                 5
656         0.03977399167390294        2.23606797749979                                 5
657         0.03977399167390294        2.23606797749979                                 5
658         0.03977399167390294        2.23606797749979                                 5
659         0.03977399167390294        2.23606797749979                                 5
660         0.03977399167390294        2.23606797749979                                 5
661         0.03977399167390294        2.23606797749979                                 5
662         0.03977399167390294        2.23606797749979                                 5
663         0.03977399167390294        2.23606797749979                                 5
664         0.03977399167390294        2.23606797749979                                 5
665         0.03977399167390294        2.23606797749979                                 5
666         0.03977399167390294        2.23606797749979                                 5
667         0.03977399167390294        2.23606797749979                                 5
668         0.03977399167390294        2.23606797749979                                 5
669         0.03977399167390294        2.23606797749979                                 5
670         0.03977399167390294        2.23606797749979                                 5
671         0.03977399167390294        2.23606797749979                                 5
672         0.039764021740102184        0.0                                 0
673         0.039764021740102184        2.23606797749979                                 5
674         0.039764021740102184        2.23606797749979                                 5
675         0.039764021740102184        2.23606797749979                                 5
676         0.039764021740102184        2.23606797749979                                 5
677         0.0394850168751959        0.0                                 0
678         0.0394850168751959        2.23606797749979                                 5
679         0.0394850168751959        2.23606797749979                                 5
680         0.0394850168751959        2.23606797749979                                 5
681         0.0394850168751959        2.23606797749979                                 5
682         0.039363486767970635        0.0                                 0
683         0.039363486767970635        2.23606797749979                                 5
684         0.039363486767970635        2.23606797749979                                 5
685         0.039363486767970635        2.23606797749979                                 5
686         0.039363486767970635        2.23606797749979                                 5
687         0.039363486767970635        2.23606797749979                                 5
688         0.039363486767970635        2.23606797749979                                 5
689         0.039363486767970635        2.23606797749979                                 5
690         0.03935399857296029        0.0                                 0
691         0.03935399857296029        2.23606797749979                                 5
692         0.03935399857296029        2.23606797749979                                 5
693         0.03935399857296029        2.23606797749979                                 5
694         0.03935399857296029        2.23606797749979                                 5
695         0.03935399857296029        2.23606797749979                                 5
696         0.03935399857296029        2.23606797749979                                 5
697         0.03935399857296029        2.23606797749979                                 5
698         0.03935399857296029        2.23606797749979                                 5
699         0.03935399857296029        2.23606797749979                                 5
700         0.039353757071323714        0.0                                 0
701         0.039353757071323714        2.23606797749979                                 5
702         0.039353757071323714        2.23606797749979                                 5
703         0.039353757071323714        2.23606797749979                                 5
704         0.039353757071323714        2.23606797749979                                 5
705         0.039353757071323714        2.23606797749979                                 5
706         0.039353757071323714        2.23606797749979                                 5
707         0.039353757071323714        2.23606797749979                                 5
708         0.039353757071323714        2.23606797749979                                 5
709         0.039338502886166915        0.0                                 0
710         0.039338383361906204        0.0                                 0
711         0.03933835997238577        0.0                                 0
712         0.03933835997238577        2.23606797749979                                 5
713         0.03933835997238577        2.23606797749979                                 5
714         0.03933835997238577        2.23606797749979                                 5
715         0.03933835997238577        2.23606797749979                                 5
716         0.03913520030046469        0.0                                 0
717         0.03913520030046469        2.23606797749979                                 5
718         0.03913520030046469        2.23606797749979                                 5
719         0.03913520030046469        2.23606797749979                                 5
720         0.03913520030046469        2.23606797749979                                 5
721         0.03913520030046469        2.23606797749979                                 5
722         0.03913520030046469        2.23606797749979                                 5
723         0.03913520030046469        2.23606797749979                                 5
724         0.03913520030046469        2.23606797749979                                 5
725         0.03913520030046469        2.23606797749979                                 5
726         0.03913520030046469        2.23606797749979                                 5
727         0.03897962495413532        0.0                                 0
728         0.03897962495413532        2.23606797749979                                 5
729         0.03897962495413532        2.23606797749979                                 5
730         0.03897962495413532        2.23606797749979                                 5
731         0.03895365810047313        0.0                                 0
732         0.03895365810047313        1.7320508075688772                                 3
733         0.03895365810047313        2.23606797749979                                 5
734         0.03895365810047313        2.23606797749979                                 5
735         0.03895365810047313        2.23606797749979                                 5
736         0.03895365810047313        2.23606797749979                                 5
737         0.03894947595588316        0.0                                 0
738         0.03894947595588316        2.23606797749979                                 5
739         0.03894947595588316        2.23606797749979                                 5
740         0.03894947595588316        2.23606797749979                                 5
741         0.03894947595588316        2.23606797749979                                 5
742         0.03894947595588316        2.23606797749979                                 5
743         0.03894947595588316        2.23606797749979                                 5
744         0.03894947595588316        2.23606797749979                                 5
745         0.03894947595588316        2.23606797749979                                 5
746         0.03894947595588316        2.23606797749979                                 5
747         0.03894947595588316        2.23606797749979                                 5
748         0.03894947595588316        2.23606797749979                                 5
749         0.03894947595588316        2.23606797749979                                 5
750         0.03891664408170348        0.0                                 0
751         0.03891664408170348        2.23606797749979                                 5
752         0.03891664408170348        2.23606797749979                                 5
753         0.03891664408170348        2.23606797749979                                 5
754         0.038843743358235705        0.0                                 0
755         0.038843743358235705        2.23606797749979                                 5
756         0.038843743358235705        2.23606797749979                                 5
757         0.038843743358235705        2.23606797749979                                 5
758         0.038843743358235705        2.23606797749979                                 5
759         0.038843743358235705        2.23606797749979                                 5
760         0.038843743358235705        2.23606797749979                                 5
761         0.038843743358235705        2.23606797749979                                 5
762         0.038843743358235705        2.23606797749979                                 5
763         0.038843743358235705        2.23606797749979                                 5
764         0.038843743358235705        2.23606797749979                                 5
765         0.038843743358235705        2.23606797749979                                 5
766         0.038843743358235705        2.23606797749979                                 5
767         0.038843743358235705        2.23606797749979                                 5
768         0.038843743358235705        2.23606797749979                                 5
769         0.038843743358235705        2.23606797749979                                 5
770         0.038843743358235705        2.23606797749979                                 5
771         0.038843743358235705        2.23606797749979                                 5
772         0.038843743358235705        2.23606797749979                                 5
773         0.038843743358235705        2.23606797749979                                 5
774         0.038843743358235705        2.23606797749979                                 5
775         0.038843743358235705        2.23606797749979                                 5
776         0.038843743358235705        2.23606797749979                                 5
777         0.038843743358235705        2.23606797749979                                 5
778         0.038843743358235705        2.23606797749979                                 5
779         0.038843743358235705        2.23606797749979                                 5
780         0.038843743358235705        2.23606797749979                                 5
781         0.038843743358235705        2.23606797749979                                 5
782         0.038843743358235705        2.23606797749979                                 5
783         0.038843743358235705        2.23606797749979                                 5
784         0.038843743358235705        2.23606797749979                                 5
785         0.038843743358235705        2.23606797749979                                 5
786         0.038797607595277506        0.0                                 0
787         0.038797607595277506        2.23606797749979                                 5
788         0.038797607595277506        2.23606797749979                                 5
789         0.038797607595277506        2.23606797749979                                 5
790         0.038797607595277506        2.23606797749979                                 5
791         0.038797607595277506        2.23606797749979                                 5
792         0.038797607595277506        2.23606797749979                                 5
793         0.038797607595277506        2.23606797749979                                 5
794         0.038797607595277506        2.23606797749979                                 5
795         0.038797607595277506        2.23606797749979                                 5
796         0.038797607595277506        2.23606797749979                                 5
797         0.038797607595277506        2.23606797749979                                 5
798         0.038797607595277506        2.23606797749979                                 5
799         0.038797607595277506        2.23606797749979                                 5
800         0.038797607595277506        2.23606797749979                                 5
801         0.038797607595277506        2.23606797749979                                 5
802         0.038797607595277506        2.23606797749979                                 5
803         0.038797607595277506        2.23606797749979                                 5
804         0.038797607595277506        2.23606797749979                                 5
805         0.038797607595277506        2.23606797749979                                 5
806         0.038797607595277506        2.23606797749979                                 5
807         0.03855552880371904        0.0                                 0
808         0.037824589801622066        0.0                                 0
809         0.037824589801622066        2.23606797749979                                 5
810         0.037824589801622066        2.23606797749979                                 5
811         0.037824589801622066        2.23606797749979                                 5
812         0.03782347029729316        0.0                                 0
813         0.03782347029729316        2.23606797749979                                 5
814         0.03782347029729316        2.23606797749979                                 5
815         0.03782347029729316        2.23606797749979                                 5
816         0.03782347029729316        2.23606797749979                                 5
817         0.03782347029729316        2.23606797749979                                 5
818         0.03782347029729316        2.23606797749979                                 5
819         0.03782347029729316        2.23606797749979                                 5
820         0.03782347029729316        2.23606797749979                                 5
821         0.03782347029729316        2.23606797749979                                 5
822         0.03782347029729316        2.23606797749979                                 5
823         0.03782347029729316        2.23606797749979                                 5
824         0.03782347029729316        2.23606797749979                                 5
825         0.03752023242803981        0.0                                 0
826         0.03752023242803981        2.23606797749979                                 5
827         0.03752023242803981        2.23606797749979                                 5
828         0.03752023242803981        2.23606797749979                                 5
829         0.03752023242803981        2.23606797749979                                 5
830         0.03752023242803981        2.23606797749979                                 5
831         0.03728821689986217        0.0                                 0
832         0.03728821689986217        2.23606797749979                                 5
833         0.03728821689986217        2.23606797749979                                 5
834         0.03728821689986217        2.23606797749979                                 5
835         0.03728821689986217        2.23606797749979                                 5
836         0.03728821689986217        2.23606797749979                                 5
837         0.03728821689986217        2.23606797749979                                 5
838         0.03728821689986217        2.23606797749979                                 5
839         0.03728821689986217        2.23606797749979                                 5
840         0.03728821689986217        2.23606797749979                                 5
841         0.03728821689986217        2.23606797749979                                 5
842         0.03728821689986217        2.23606797749979                                 5
843         0.03728821689986217        2.23606797749979                                 5
844         0.03350994521365058        0.0                                 0
845         0.03350994521365058        2.23606797749979                                 5
846         0.03350827886688479        0.0                                 0
847         0.03350827886688479        2.23606797749979                                 5
848         0.03350827886688479        2.23606797749979                                 5
849         0.03350827886688479        2.23606797749979                                 5
850         0.029439308877995507        0.0                                 0
851         0.029439308877995507        2.23606797749979                                 5
852         0.029439308877995507        2.23606797749979                                 5
853         0.029439308877995507        2.23606797749979                                 5
854         0.029415859220473295        0.0                                 0
855         0.029415859220473295        2.23606797749979                                 5
856         0.029415859220473295        2.23606797749979                                 5
857         0.029415859220473295        2.23606797749979                                 5
858         0.029415859220473295        2.23606797749979                                 5
859         0.029415859220473295        2.23606797749979                                 5
860         0.029415859220473295        2.23606797749979                                 5
861         0.029415859220473295        2.23606797749979                                 5
862         0.029415859220473295        2.23606797749979                                 5
863         0.029415859220473295        2.23606797749979                                 5
864         0.029415859220473295        2.23606797749979                                 5
865         0.029415859220473295        2.23606797749979                                 5
866         0.029415859220473295        1.7320508075688772                                 3
867         0.029415859220473295        2.23606797749979                                 5
868         0.029415859220473295        2.23606797749979                                 5
869         0.029415859220473295        2.23606797749979                                 5
870         0.0066767085879340105        0.0                                 0
871         0.0066767085879340105        2.23606797749979                                 5
872         0.0066767085879340105        2.23606797749979                                 5
873         0.0066767085879340105        2.23606797749979                                 5
874         0.0066767085879340105        2.23606797749979                                 5
875         0.0066767085879340105        2.23606797749979                                 5
876         0.0066767085879340105        2.23606797749979                                 5
877         0.0066767085879340105        2.23606797749979                                 5
878         0.0066767085879340105        2.23606797749979                                 5
879         0.0066767085879340105        2.23606797749979                                 5
880         0.0066767085879340105        2.23606797749979                                 5
881         0.0066767085879340105        2.23606797749979                                 5
882         0.0066767085879340105        2.23606797749979                                 5
883         0.0066767085879340105        2.23606797749979                                 5
884         0.0066625274853692185        0.0                                 0
885         0.0066625274853692185        2.23606797749979                                 5
886         0.0066625274853692185        2.23606797749979                                 5
887         0.0066625274853692185        2.23606797749979                                 5
888         0.0066625274853692185        2.23606797749979                                 5
889         0.0066625274853692185        2.23606797749979                                 5
890         0.006661988998082347        0.0                                 0
891         0.006661988998082347        2.23606797749979                                 5
892         0.006661988998082347        2.23606797749979                                 5
893         0.004175436144872036        0.0                                 0
894         0.004175436144872036        2.23606797749979                                 5
895         0.004175436144872036        2.23606797749979                                 5
896         0.004175436144872036        2.23606797749979                                 5
897         0.004175436144872036        2.23606797749979                                 5
898         0.004175436144872036        2.23606797749979                                 5
899         0.004175436144872036        2.23606797749979                                 5
900         0.004175436144872036        2.23606797749979                                 5
901         0.004175436144872036        2.23606797749979                                 5
902         0.004175257997243498        0.0                                 0
903         0.004175257997243498        2.23606797749979                                 5
904         0.004175257997243498        2.23606797749979                                 5
905         0.004175257997243498        2.23606797749979                                 5
906         0.004175257997243498        2.23606797749979                                 5
907         0.004175257997243498        2.23606797749979                                 5
908         0.004175257997243498        2.23606797749979                                 5
909         0.004175257997243498        2.23606797749979                                 5
910         0.004175257997243498        2.23606797749979                                 5
911         0.004175257997243498        2.23606797749979                                 5
912         0.004175257997243498        2.23606797749979                                 5
913         0.004175257997243498        2.23606797749979                                 5
914         0.004175257997243498        2.23606797749979                                 5
915         0.004175257997243498        2.23606797749979                                 5
916         0.004175257997243498        2.23606797749979                                 5
917         0.004175257997243498        2.23606797749979                                 5
918         0.004175257997243498        2.23606797749979                                 5
919         0.004175257997243498        2.23606797749979                                 5
920         0.004164191508755688        0.0                                 0
921         0.0041641813065266264        0.0                                 0
922         0.0041641813065266264        2.23606797749979                                 5
923         0.0041641813065266264        2.23606797749979                                 5
924         0.0041641813065266264        2.23606797749979                                 5
925         0.004133780867842662        0.0                                 0
926         0.004133780867842662        2.23606797749979                                 5
927         0.004133780867842662        2.23606797749979                                 5
928         0.004133780867842662        2.23606797749979                                 5
929         0.004133780867842662        2.23606797749979                                 5
930         0.004133780867842662        2.23606797749979                                 5
931         0.004133780867842662        2.23606797749979                                 5
932         0.004133780867842662        2.23606797749979                                 5
933         0.004133780867842662        2.23606797749979                                 5
934         0.004133780867842662        2.23606797749979                                 5
935         0.004133780867842662        2.23606797749979                                 5
936         0.004128986474178031        0.0                                 0
937         0.004128986474178031        2.23606797749979                                 5
938         0.004128986474178031        2.23606797749979                                 5
939         0.004128986474178031        2.23606797749979                                 5
940         0.004128986474178031        2.23606797749979                                 5
941         0.004128986474178031        2.23606797749979                                 5
942         0.004128986474178031        2.23606797749979                                 5
943         0.004128986474178031        2.23606797749979                                 5
944         0.004128986474178031        1.7320508075688772                                 3
945         0.004128986474178031        2.23606797749979                                 5
946         0.004128986474178031        2.23606797749979                                 5
947         0.004128986474178031        2.23606797749979                                 5
948         0.004128986474178031        1.7320508075688772                                 3
949         0.004128986474178031        2.23606797749979                                 5
950         0.004128986474178031        2.23606797749979                                 5
951         0.004128986474178031        2.23606797749979                                 5
952         0.004128986474178031        2.23606797749979                                 5
953         0.004128986474178031        2.23606797749979                                 5
954         0.0033738659893723932        0.0                                 0
955         0.0033738659893723932        2.23606797749979                                 5
956         0.0033738659893723932        2.23606797749979                                 5
957         0.0033738659893723932        2.23606797749979                                 5
958         0.0033738659893723932        2.23606797749979                                 5
959         0.0033738659893723932        2.23606797749979                                 5
960         0.0033738659893723932        2.23606797749979                                 5
961         0.0033689961844407534        0.0                                 0
962         0.0033689961844407534        2.23606797749979                                 5
963         0.0033683688381969112        0.0                                 0
964         0.0033683688381969112        2.23606797749979                                 5
965         0.0033683688381969112        2.23606797749979                                 5
966         0.0033683688381969112        2.23606797749979                                 5
967         0.0033683688381969112        2.23606797749979                                 5
968         0.0033683688381969112        2.23606797749979                                 5
969         0.0033683688381969112        2.23606797749979                                 5
970         0.0033683688381969112        2.23606797749979                                 5
971         0.0033683688381969112        2.23606797749979                                 5
972         0.0033683688381969112        2.23606797749979                                 5
973         0.003352574128493324        0.0                                 0
974         0.003352574128493324        2.23606797749979                                 5
975         0.003352574128493324        2.23606797749979                                 5
976         0.003352574128493324        2.23606797749979                                 5
977         0.003352574128493324        2.23606797749979                                 5
978         0.003352574128493324        2.23606797749979                                 5
979         0.003352574128493324        2.23606797749979                                 5
980         0.003352574128493324        2.23606797749979                                 5
981         0.003352574128493324        2.23606797749979                                 5
982         0.003352574128493324        2.23606797749979                                 5
983         0.003352574128493324        2.23606797749979                                 5
984         0.003352574128493324        2.23606797749979                                 5
985         0.003352574128493324        2.23606797749979                                 5
986         0.003352574128493324        2.23606797749979                                 5
987         0.003352574128493324        2.23606797749979                                 5
988         0.003352574128493324        2.23606797749979                                 5
989         0.003352574128493324        2.23606797749979                                 5
990         0.003352574128493324        2.23606797749979                                 5
991         0.003352574128493324        2.23606797749979                                 5
992         0.003352574128493324        2.23606797749979                                 5
993         0.003352574128493324        2.23606797749979                                 5
994         0.003352574128493324        2.23606797749979                                 5
995         0.003352574128493324        2.23606797749979                                 5
996         0.0033498978339239205        0.0                                 0
997         0.0033498978339239205        2.23606797749979                                 5
998         0.0033498978339239205        2.23606797749979                                 5
999         0.0033498978339239205        2.23606797749979                                 5
// Funcion: griewank Enfriamiento: exponencial Semilla: 1079140615