iteracion  mejor_solucion    distancia_euclidiana                 distancia_hamming
0         0.8334201708025998        0.0                                 0
1         0.8334015140416613        0.0                                 0
2         0.8326285085467616        0.0                                 0
3         0.8326285085467616        0.0                                 0
4         0.8446663646821226        0.0                                 0
5         0.8429158123315965        0.0                                 0
6         0.8429158123315965        0.0                                 0
7         0.8410728655512293        0.0                                 0
8         0.8410728655512293        0.0                                 0
9         0.8411092441431212        0.0                                 0
10         0.8419987494622705        0.0                                 0
11         0.8432071194932389        0.0                                 0
12         0.8432076844293737        0.0                                 0
13         0.891451617056814        0.0                                 0
14         0.8518027272036458        0.0                                 0
15         0.7537240389710654        0.0                                 0
16         0.7517627637783826        0.0                                 0
17         0.7517627637783826        0.0                                 0
18         0.7751018305890451        0.0                                 0
19         0.773756458952628        0.0                                 0
20         0.7643526709562648        0.0                                 0
21         0.7627313270879953        0.0                                 0
22         0.7627313270879953        0.0                                 0
23         0.7629106132770864        0.0                                 0
24         0.8053478795343028        0.0                                 0
25         0.7909597157706372        0.0                                 0
26         0.7909079266167257        0.0                                 0
27         0.7909079266167257        0.0                                 0
28         0.7930631045362133        0.0                                 0
29         0.7897351216710053        0.0                                 0
30         0.7897351216710053        0.0                                 0
31         0.8193015660186419        0.0                                 0
32         0.8203436205187844        0.0                                 0
33         0.8203510464253306        0.0                                 0
34         0.8270874351905679        0.0                                 0
35         0.8474802191208992        0.0                                 0
36         0.8474802191208992        0.0                                 0
37         0.8454487578429724        0.0                                 0
38         0.8454487578429724        0.0                                 0
39         0.8462133374532234        0.0                                 0
40         0.8361971458714478        0.0                                 0
41         0.8343794333317809        0.0                                 0
42         0.8305028542562412        0.0                                 0
43         0.8305028542562412        0.0                                 0
44         0.8404200978039446        0.0                                 0
45         0.836264839672182        0.0                                 0
46         0.8311735933570883        0.0                                 0
47         0.8257100032813598        0.0                                 0
48         0.8257100032813598        0.0                                 0
49         0.8249591756185781        0.0                                 0
50         0.8210605722157882        0.0                                 0
51         0.820800252119634        0.0                                 0
52         0.8207581843883903        0.0                                 0
53         0.8200099789185443        0.0                                 0
54         0.8200099789185443        0.0                                 0
55         0.8327052699972171        0.0                                 0
56         0.8428648410172966        0.0                                 0
57         0.8430847705244524        0.0                                 0
58         0.8602665926642368        0.0                                 0
59         0.834301414846479        0.0                                 0
60         0.788459419310214        0.0                                 0
61         0.7741971193826972        0.0                                 0
62         0.7658929378127362        0.0                                 0
63         0.7658929378127362        0.0                                 0
64         0.765909308036841        0.0                                 0
65         0.7668650341754447        0.0                                 0
66         0.7656484384136344        0.0                                 0
67         0.7656484384136344        0.0                                 0
68         0.77474676532151        0.0                                 0
69         0.78225669702492        0.0                                 0
70         0.7928484249197937        0.0                                 0
71         0.7842960977627221        0.0                                 0
72         0.7842960977627221        0.0                                 0
73         0.7901949416769671        0.0                                 0
74         0.7814430015755937        0.0                                 0
75         0.7814430015755937        0.0                                 0
76         0.7904778415800511        0.0                                 0
77         0.7931442089282067        0.0                                 0
78         0.7931442089282067        0.0                                 0
79         0.8769443336470095        0.0                                 0
80         0.8769865919343756        0.0                                 0
81         0.8731339733528818        0.0                                 0
82         0.8731339733528818        0.0                                 0
83         0.8687033371053962        0.0                                 0
84         0.8687033371053962        0.0                                 0
85         0.8692579853328322        0.0                                 0
86         0.8652680368202107        0.0                                 0
87         0.8652680368202107        0.0                                 0
88         0.8754732192997914        0.0                                 0
89         0.8754732192997914        0.0                                 0
90         0.8758645818399724        0.0                                 0
91         0.8804798087430348        0.0                                 0
92         0.8805129981384747        0.0                                 0
93         0.885450214944394        0.0                                 0
94         0.885450214944394        0.0                                 0
95         0.8953041560719956        0.0                                 0
96         0.9028042129038889        0.0                                 0
97         0.9028042129038889        0.0                                 0
98         0.9518504013689053        0.0                                 0
99         0.9518504013689053        0.0                                 0
100         0.952309331517336        0.0                                 0
101         0.9875479148159829        0.0                                 0
102         0.9775470996195071        0.0                                 0
103         0.9775470996195071        0.0                                 0
104         0.9772453376956043        0.0                                 0
105         0.9760268636082219        0.0                                 0
106         0.9760268636082219        0.0                                 0
107         0.9758033687423926        0.0                                 0
108         0.973101743500305        0.0                                 0
109         0.8681899651371527        0.0                                 0
110         0.8681899651371527        0.0                                 0
111         0.879356597491959        0.0                                 0
112         0.8831462581556435        0.0                                 0
113         0.8831462581556435        0.0                                 0
114         0.8719368427850798        0.0                                 0
115         0.8719368427850798        0.0                                 0
116         0.8712675285802195        0.0                                 0
117         0.8712675285802195        0.0                                 0
118         0.8813140546341374        0.0                                 0
119         0.8940501978359923        0.0                                 0
120         0.8624529928793233        0.0                                 0
121         0.8624529928793233        0.0                                 0
122         0.8682228108401981        0.0                                 0
123         0.867817400176821        0.0                                 0
124         0.867817400176821        0.0                                 0
125         0.8363360085350218        0.0                                 0
126         0.8363360085350218        0.0                                 0
127         0.8476512989862237        0.0                                 0
128         0.8460252264920443        0.0                                 0
129         0.8460252264920443        0.0                                 0
130         0.8499423305122875        0.0                                 0
131         0.8482331744811452        0.0                                 0
132         0.8480543072942232        0.0                                 0
133         0.7796658254636766        0.0                                 0
134         0.7746104403586724        0.0                                 0
135         0.7746104403586724        0.0                                 0
136         0.7751888174742521        0.0                                 0
137         0.7748554387791955        0.0                                 0
138         0.7748554387791955        0.0                                 0
139         0.7780132643448414        0.0                                 0
140         0.7780132643448414        0.0                                 0
141         0.7722187446313076        0.0                                 0
142         0.7714170287147833        0.0                                 0
143         0.7269309954312018        0.0                                 0
144         0.726853454110702        0.0                                 0
145         0.7228560818441045        0.0                                 0
146         0.7228560818441045        0.0                                 0
147         0.7564695960556158        0.0                                 0
148         0.7564695960556158        0.0                                 0
149         0.7589635786382041        0.0                                 0
150         0.7424761305588408        0.0                                 0
151         0.7424761305588408        0.0                                 0
152         0.7428316891131962        0.0                                 0
153         0.7638030891292455        0.0                                 0
154         0.7762855857285029        0.0                                 0
155         0.7762855857285029        0.0                                 0
156         0.8005098523605402        0.0                                 0
157         0.8096884425455001        0.0                                 0
158         0.8146485028423804        0.0                                 0
159         0.8148310641347767        0.0                                 0
160         0.800573667043982        0.0                                 0
161         0.800573667043982        0.0                                 0
162         0.8853859742851534        0.0                                 0
163         0.8853018278004855        0.0                                 0
164         0.8848499396303393        0.0                                 0
165         0.8848499396303393        0.0                                 0
166         0.8842036419386893        0.0                                 0
167         0.8842036419386893        0.0                                 0
168         0.8842071426153632        0.0                                 0
169         0.8761853131790209        0.0                                 0
170         0.8644018648509576        0.0                                 0
171         0.854922219881024        0.0                                 0
172         0.854922219881024        0.0                                 0
173         0.856150328283517        0.0                                 0
174         0.8564897259643641        0.0                                 0
175         0.8564897259643641        0.0                                 0
176         0.8581023783679503        0.0                                 0
177         0.8559351350307118        0.0                                 0
178         0.8559351350307118        0.0                                 0
179         0.85670772691352        0.0                                 0
180         0.8567146425965348        0.0                                 0
181         0.8567165001908872        0.0                                 0
182         0.8567165001908872        0.0                                 0
183         0.8575915542764821        2.23606797749979                                 5
184         0.8575915542764821        0.0                                 0
185         0.853388517203876        0.0                                 0
186         0.853388517203876        0.0                                 0
187         0.8554268942500022        0.0                                 0
188         0.8889772335960296        0.0                                 0
189         0.8868066126477829        0.0                                 0
190         0.8848048674049229        0.0                                 0
191         0.8843914765951483        0.0                                 0
192         0.8843818828278309        0.0                                 0
193         0.8843818828278309        0.0                                 0
194         0.9127556215261425        0.0                                 0
195         0.9127556215261425        0.0                                 0
196         0.9110417279033208        0.0                                 0
197         0.9110417279033208        0.0                                 0
198         0.9106566128774805        0.0                                 0
199         0.9106566128774805        1.7320508075688772                                 3
200         0.9106566128774805        0.0                                 0
201         0.9107613113454494        0.0                                 0
202         0.9137419492923003        0.0                                 0
203         0.9137419492923003        0.0                                 0
204         0.9138336782575056        0.0                                 0
205         0.9138997230703865        0.0                                 0
206         0.9033404291904555        0.0                                 0
207         0.9033404291904555        0.0                                 0
208         0.904025115581789        0.0                                 0
209         0.9070002898026943        0.0                                 0
210         0.9070002898026943        0.0                                 0
211         0.9077979747311525        0.0                                 0
212         0.8987651246549109        0.0                                 0
213         0.8987651246549109        0.0                                 0
214         0.7480928843031034        0.0                                 0
215         0.7370054001424328        0.0                                 0
216         0.7370054001424328        0.0                                 0
217         0.7144042244757033        0.0                                 0
218         0.7134760299755037        0.0                                 0
219         0.7134760299755037        0.0                                 0
220         0.7129887550589988        0.0                                 0
221         0.7129078869204789        0.0                                 0
222         0.7129078869204789        2.23606797749979                                 5
223         0.7129078869204789        0.0                                 0
224         0.7182597477888835        0.0                                 0
225         0.7090067667770599        0.0                                 0
226         0.7090067667770599        0.0                                 0
227         0.7114603807710582        2.23606797749979                                 5
228         0.7114603807710582        2.23606797749979                                 5
229         0.7114603807710582        0.0                                 0
230         0.7038846662180078        0.0                                 0
231         0.7003631304446427        0.0                                 0
232         0.6991186836604184        0.0                                 0
233         0.6991186836604184        0.0                                 0
234         0.6972636558940702        0.0                                 0
235         0.6972636558940702        0.0                                 0
236         0.6974928873795301        0.0                                 0
237         0.6999759499048648        0.0                                 0
238         0.671714609419203        0.0                                 0
239         0.6434829372062218        0.0                                 0
240         0.6434829372062218        2.23606797749979                                 5
241         0.642755312289136        0.0                                 0
242         0.642755312289136        2.23606797749979                                 5
243         0.642755312289136        0.0                                 0
244         0.6396681890572002        0.0                                 0
245         0.6396681890572002        2.23606797749979                                 5
246         0.6396681890572002        2.23606797749979                                 5
247         0.6396659789935505        0.0                                 0
248         0.6396659789935505        2.23606797749979                                 5
249         0.6396659789935505        2.23606797749979                                 5
250         0.6335091204500581        0.0                                 0
251         0.6335091204500581        2.23606797749979                                 5
252         0.6335091204500581        0.0                                 0
253         0.6338862857210783        2.23606797749979                                 5
254         0.6338862857210783        0.0                                 0
255         0.6301959327735245        0.0                                 0
256         0.6301959327735245        2.23606797749979                                 5
257         0.6265584458767723        0.0                                 0
258         0.6265584458767723        0.0                                 0
259         0.6225932522670392        0.0                                 0
260         0.5788319611804374        0.0                                 0
261         0.5788319611804374        2.23606797749979                                 5
262         0.5788319611804374        2.23606797749979                                 5
263         0.5788319611804374        2.23606797749979                                 5
264         0.5663043372551049        0.0                                 0
265         0.5662986411547631        0.0                                 0
266         0.5662986411547631        2.23606797749979                                 5
267         0.563376273733261        0.0                                 0
268         0.5363156314634792        0.0                                 0
269         0.5363156314634792        2.23606797749979                                 5
270         0.5357243496815678        0.0                                 0
271         0.5216338364907552        0.0                                 0
272         0.5216338364907552        2.23606797749979                                 5
273         0.5216338364907552        0.0                                 0
274         0.5220359011353681        2.23606797749979                                 5
275         0.49359837499615233        0.0                                 0
276         0.47426766135336706        0.0                                 0
277         0.47426118814340557        0.0                                 0
278         0.47426118814340557        2.23606797749979                                 5
279         0.4690264173153177        0.0                                 0
280         0.4684307705534081        0.0                                 0
281         0.4684307705534081        2.23606797749979                                 5
282         0.46698521059499587        0.0                                 0
283         0.46698521059499587        2.23606797749979                                 5
284         0.46698521059499587        2.23606797749979                                 5
285         0.46698521059499587        2.23606797749979                                 5
286         0.46697093280765245        0.0                                 0
287         0.46697093280765245        2.23606797749979                                 5
288         0.46697093280765245        2.23606797749979                                 5
289         0.46697093280765245        2.23606797749979                                 5
290         0.42848500505861264        0.0                                 0
291         0.42848500505861264        2.23606797749979                                 5
292         0.42848500505861264        2.23606797749979                                 5
293         0.42848500505861264        2.23606797749979                                 5
294         0.42848500505861264        0.0                                 0
295         0.4284871164519698        2.23606797749979                                 5
296         0.42723160745978606        0.0                                 0
297         0.42723160745978606        2.23606797749979                                 5
298         0.42723160745978606        2.23606797749979                                 5
299         0.42723160745978606        2.23606797749979                                 5
300         0.42723160745978606        0.0                                 0
301         0.427271458255138        2.23606797749979                                 5
302         0.4248308323815032        0.0                                 0
303         0.4248308323815032        2.23606797749979                                 5
304         0.4248308323815032        2.23606797749979                                 5
305         0.4248308323815032        2.23606797749979                                 5
306         0.4248308323815032        2.23606797749979                                 5
307         0.4248308323815032        2.23606797749979                                 5
308         0.4225259854507245        0.0                                 0
309         0.4225259854507245        2.23606797749979                                 5
310         0.4225259854507245        2.23606797749979                                 5
311         0.4225259854507245        2.23606797749979                                 5
312         0.4225259854507245        2.23606797749979                                 5
313         0.4225259854507245        2.23606797749979                                 5
314         0.4225259854507245        2.23606797749979                                 5
315         0.4225259854507245        2.23606797749979                                 5
316         0.42234283702673214        0.0                                 0
317         0.4194114336234943        0.0                                 0
318         0.4194114336234943        2.23606797749979                                 5
319         0.4194114336234943        2.23606797749979                                 5
320         0.4194114336234943        2.23606797749979                                 5
321         0.4194114336234943        0.0                                 0
322         0.4194768572022205        2.23606797749979                                 5
323         0.4179777448036469        0.0                                 0
324         0.4179777448036469        2.23606797749979                                 5
325         0.4177012670107223        0.0                                 0
326         0.41757947676213225        0.0                                 0
327         0.41757947676213225        2.23606797749979                                 5
328         0.41757947676213225        2.23606797749979                                 5
329         0.41757947676213225        2.23606797749979                                 5
330         0.41757947676213225        2.23606797749979                                 5
331         0.41757947676213225        2.23606797749979                                 5
332         0.4175771899560763        0.0                                 0
333         0.4175771899560763        2.23606797749979                                 5
334         0.4175771899560763        1.7320508075688772                                 3
335         0.4175771899560763        2.23606797749979                                 5
336         0.4175771899560763        2.23606797749979                                 5
337         0.4175480767201214        0.0                                 0
338         0.4175480767201214        2.23606797749979                                 5
339         0.41711695625167533        0.0                                 0
340         0.41711695625167533        2.23606797749979                                 5
341         0.40909784139444805        0.0                                 0
342         0.40909784139444805        2.23606797749979                                 5
343         0.40909784139444805        2.23606797749979                                 5
344         0.40909784139444805        2.23606797749979                                 5
345         0.40909784139444805        2.23606797749979                                 5
346         0.40909784139444805        2.23606797749979                                 5
347         0.40909784139444805        2.23606797749979                                 5
348         0.3944971209112418        0.0                                 0
349         0.3944971209112418        2.23606797749979                                 5
350         0.3944971209112418        2.23606797749979                                 5
351         0.3944971209112418        2.23606797749979                                 5
352         0.3944971209112418        2.23606797749979                                 5
353         0.3944971209112418        2.23606797749979                                 5
354         0.3936704107985005        0.0                                 0
355         0.3936704107985005        2.23606797749979                                 5
356         0.3910410566261814        0.0                                 0
357         0.3910410566261814        2.23606797749979                                 5
358         0.3910410566261814        2.23606797749979                                 5
359         0.3910410566261814        2.23606797749979                                 5
360         0.3910410566261814        0.0                                 0
361         0.39104817158535665        2.23606797749979                                 5
362         0.39104817158535665        1.7320508075688772                                 3
363         0.39089073186592216        0.0                                 0
364         0.39089073186592216        2.23606797749979                                 5
365         0.39089073186592216        2.23606797749979                                 5
366         0.39089073186592216        2.23606797749979                                 5
367         0.3889715160336634        0.0                                 0
368         0.3889715160336634        2.23606797749979                                 5
369         0.3886768014102836        0.0                                 0
370         0.3886752293321657        0.0                                 0
371         0.3886752293321657        2.23606797749979                                 5
372         0.3886752293321657        2.23606797749979                                 5
373         0.3886752293321657        0.0                                 0
374         0.388678912785015        2.23606797749979                                 5
375         0.388678912785015        2.23606797749979                                 5
376         0.3582291866188152        0.0                                 0
377         0.3490229774117778        0.0                                 0
378         0.3490229774117778        2.23606797749979                                 5
379         0.34899215181905896        0.0                                 0
380         0.34899215181905896        2.23606797749979                                 5
381         0.34896065166104473        0.0                                 0
382         0.34896065166104473        2.23606797749979                                 5
383         0.34896065166104473        2.23606797749979                                 5
384         0.34896065166104473        2.23606797749979                                 5
385         0.34896065166104473        2.23606797749979                                 5
386         0.34896065166104473        2.23606797749979                                 5
387         0.3454817399356541        0.0                                 0
388         0.3454817399356541        2.23606797749979                                 5
389         0.3454817399356541        2.23606797749979                                 5
390         0.3454817399356541        2.23606797749979                                 5
391         0.3454817399356541        2.23606797749979                                 5
392         0.3454817399356541        2.23606797749979                                 5
393         0.3454817399356541        2.23606797749979                                 5
394         0.3454817399356541        2.23606797749979                                 5
395         0.34285309902189154        0.0                                 0
396         0.34285309902189154        2.23606797749979                                 5
397         0.34230950502598456        0.0                                 0
398         0.2683855977307442        0.0                                 0
399         0.2683855977307442        2.23606797749979                                 5
400         0.23059787926755504        0.0                                 0
401         0.23059787926755504        2.23606797749979                                 5
402         0.23059787926755504        2.23606797749979                                 5
403         0.23059787926755504        2.23606797749979                                 5
404         0.23059787926755504        2.23606797749979                                 5
405         0.23059787926755504        2.23606797749979                                 5
406         0.23059787926755504        2.23606797749979                                 5
407         0.23059787926755504        2.23606797749979                                 5
408         0.22956164459462025        0.0                                 0
409         0.22956164459462025        2.23606797749979                                 5
410         0.22956164459462025        2.23606797749979                                 5
411         0.22956164459462025        2.23606797749979                                 5
412         0.20500316071728197        0.0                                 0
413         0.20500316071728197        1.7320508075688772                                 3
414         0.20500237466143933        0.0                                 0
415         0.20481181147548255        0.0                                 0
416         0.20481181147548255        2.23606797749979                                 5
417         0.20481181147548255        2.23606797749979                                 5
418         0.20481181147548255        2.23606797749979                                 5
419         0.20481181147548255        2.23606797749979                                 5
420         0.20481181147548255        2.23606797749979                                 5
421         0.20481181147548255        2.23606797749979                                 5
422         0.20481181147548255        2.23606797749979                                 5
423         0.20481181147548255        2.23606797749979                                 5
424         0.20481181147548255        2.23606797749979                                 5
425         0.20481181147548255        2.23606797749979                                 5
426         0.2047887000985027        0.0                                 0
427         0.2047887000985027        2.23606797749979                                 5
428         0.2047887000985027        2.23606797749979                                 5
429         0.2047887000985027        2.23606797749979                                 5
430         0.2047887000985027        2.23606797749979                                 5
431         0.20441037569215992        0.0                                 0
432         0.20105009481579272        0.0                                 0
433         0.20105009481579272        2.23606797749979                                 5
434         0.2010500327533573        0.0                                 0
435         0.2010500327533573        2.23606797749979                                 5
436         0.2010500327533573        2.23606797749979                                 5
437         0.2010500327533573        2.23606797749979                                 5
438         0.2010500327533573        2.23606797749979                                 5
439         0.2010500327533573        2.23606797749979                                 5
440         0.2010500327533573        2.23606797749979                                 5
441         0.2010500327533573        2.23606797749979                                 5
442         0.18919880597903993        0.0                                 0
443         0.18919880597903993        2.23606797749979                                 5
444         0.18919880597903993        2.23606797749979                                 5
445         0.18919880597903993        2.23606797749979                                 5
446         0.18919880597903993        2.23606797749979                                 5
447         0.18919880597903993        2.23606797749979                                 5
448         0.18919880597903993        2.23606797749979                                 5
449         0.18919880597903993        2.23606797749979                                 5
450         0.18919880597903993        2.23606797749979                                 5
451         0.18748460311880566        0.0                                 0
452         0.1869839041641771        0.0                                 0
453         0.18695020569639664        0.0                                 0
454         0.18695020569639664        2.23606797749979                                 5
455         0.18695020569639664        2.23606797749979                                 5
456         0.18695020569639664        2.23606797749979                                 5
457         0.1869501058211548        0.0                                 0
458         0.1869501058211548        2.23606797749979                                 5
459         0.1869501058211548        2.23606797749979                                 5
460         0.1869501058211548        2.23606797749979                                 5
461         0.18340947789088458        0.0                                 0
462         0.18340947789088458        2.23606797749979                                 5
463         0.18340947789088458        2.23606797749979                                 5
464         0.18340947789088458        2.23606797749979                                 5
465         0.1833048954977845        0.0                                 0
466         0.1833048954977845        2.23606797749979                                 5
467         0.1833048954977845        2.23606797749979                                 5
468         0.1832980199912415        0.0                                 0
469         0.1832980199912415        2.23606797749979                                 5
470         0.1832980199912415        2.23606797749979                                 5
471         0.1832980199912415        2.23606797749979                                 5
472         0.1832980199912415        2.23606797749979                                 5
473         0.17845460197364293        0.0                                 0
474         0.17840333632261796        0.0                                 0
475         0.17840333632261796        2.23606797749979                                 5
476         0.17840333632261796        2.23606797749979                                 5
477         0.1784001501443675        0.0                                 0
478         0.17834413975308938        0.0                                 0
479         0.17834413975308938        2.23606797749979                                 5
480         0.17834413975308938        2.23606797749979                                 5
481         0.17834413975308938        2.23606797749979                                 5
482         0.17718535146953207        0.0                                 0
483         0.17718535146953207        2.23606797749979                                 5
484         0.17718535146953207        2.23606797749979                                 5
485         0.14394965827454642        0.0                                 0
486         0.14394965827454642        2.23606797749979                                 5
487         0.14380613734583247        0.0                                 0
488         0.14377318717927756        0.0                                 0
489         0.14377318717927756        1.7320508075688772                                 3
490         0.14377318717927756        2.23606797749979                                 5
491         0.14377318717927756        2.23606797749979                                 5
492         0.143757866177736        0.0                                 0
493         0.143757866177736        2.23606797749979                                 5
494         0.143757866177736        2.23606797749979                                 5
495         0.143757866177736        2.23606797749979                                 5
496         0.143757866177736        2.23606797749979                                 5
497         0.14330185964442543        0.0                                 0
498         0.14330185964442543        2.23606797749979                                 5
499         0.14330185964442543        2.23606797749979                                 5
500         0.14330185964442543        2.23606797749979                                 5
501         0.14330185964442543        2.23606797749979                                 5
502         0.14330185964442543        2.23606797749979                                 5
503         0.14330185964442543        2.23606797749979                                 5
504         0.14330185964442543        2.23606797749979                                 5
505         0.14330185964442543        2.23606797749979                                 5
506         0.14330185964442543        2.23606797749979                                 5
507         0.14330185964442543        2.23606797749979                                 5
508         0.1432614009109281        0.0                                 0
509         0.14326096409493771        0.0                                 0
510         0.1428426991297097        0.0                                 0
511         0.1428426991297097        2.23606797749979                                 5
512         0.1428426991297097        2.23606797749979                                 5
513         0.1427984021223755        0.0                                 0
514         0.1361260162776503        0.0                                 0
515         0.13612532278338585        0.0                                 0
516         0.13612532278338585        2.23606797749979                                 5
517         0.13612532278338585        2.23606797749979                                 5
518         0.13612532278338585        2.23606797749979                                 5
519         0.13612532278338585        2.23606797749979                                 5
520         0.13612532278338585        2.23606797749979                                 5
521         0.13596691478271017        0.0                                 0
522         0.13596691478271017        2.23606797749979                                 5
523         0.13596691478271017        2.23606797749979                                 5
524         0.13596691478271017        2.23606797749979                                 5
525         0.13596691478271017        2.23606797749979                                 5
526         0.13596691478271017        2.23606797749979                                 5
527         0.13596691478271017        2.23606797749979                                 5
528         0.13596691478271017        2.23606797749979                                 5
529         0.13596691478271017        2.23606797749979                                 5
530         0.13596691478271017        1.7320508075688772                                 3
531         0.13596691478271017        2.23606797749979                                 5
532         0.13596691478271017        2.23606797749979                                 5
533         0.13596691478271017        2.23606797749979                                 5
534         0.13495290040275776        0.0                                 0
535         0.13495290040275776        2.23606797749979                                 5
536         0.13495290040275776        2.23606797749979                                 5
537         0.13495290040275776        2.23606797749979                                 5
538         0.13495290040275776        2.23606797749979                                 5
539         0.13495290040275776        2.23606797749979                                 5
540         0.13495290040275776        2.23606797749979                                 5
541         0.13478208302425498        0.0                                 0
542         0.13478208302425498        2.23606797749979                                 5
543         0.13478208302425498        2.23606797749979                                 5
544         0.13478208302425498        2.23606797749979                                 5
545         0.13478208302425498        2.23606797749979                                 5
546         0.13478208302425498        2.23606797749979                                 5
547         0.13478208302425498        2.23606797749979                                 5
548         0.13478208302425498        2.23606797749979                                 5
549         0.13413125753722188        0.0                                 0
550         0.13413125753722188        2.23606797749979                                 5
551         0.13413125753722188        2.23606797749979                                 5
552         0.13413125753722188        2.23606797749979                                 5
553         0.13413125753722188        2.23606797749979                                 5
554         0.13411113652181206        0.0                                 0
555         0.13411113652181206        2.23606797749979                                 5
556         0.13411113652181206        2.23606797749979                                 5
557         0.13411113652181206        2.23606797749979                                 5
558         0.13411113652181206        2.23606797749979                                 5
559         0.13411113652181206        2.23606797749979                                 5
560         0.13411113652181206        2.23606797749979                                 5
561         0.13411113652181206        2.23606797749979                                 5
562         0.13411113652181206        2.23606797749979                                 5
563         0.13411113652181206        2.23606797749979                                 5
564         0.13411113652181206        2.23606797749979                                 5
565         0.13411113652181206        2.23606797749979                                 5
566         0.13411113652181206        2.23606797749979                                 5
567         0.13411113652181206        2.23606797749979                                 5
568         0.13411113652181206        2.23606797749979                                 5
569         0.13411113652181206        2.23606797749979                                 5
570         0.07387834110271163        0.0                                 0
571         0.07387834110271163        2.23606797749979                                 5
572         0.07387834110271163        2.23606797749979                                 5
573         0.07387834110271163        2.23606797749979                                 5
574         0.07387834110271163        2.23606797749979                                 5
575         0.07387834110271163        2.23606797749979                                 5
576         0.07387834110271163        2.23606797749979                                 5
577         0.07387834110271163        2.23606797749979                                 5
578         0.07387834110271163        2.23606797749979                                 5
579         0.07387834110271163        2.23606797749979                                 5
580         0.07387834110271163        2.23606797749979                                 5
581         0.07387834110271163        2.23606797749979                                 5
582         0.07387834110271163        2.23606797749979                                 5
583         0.07387834110271163        2.23606797749979                                 5
584         0.07387834110271163        2.23606797749979                                 5
585         0.07387834110271163        2.23606797749979                                 5
586         0.07387834110271163        2.23606797749979                                 5
587         0.07387834110271163        2.23606797749979                                 5
588         0.07387834110271163        2.23606797749979                                 5
589         0.07387834110271163        2.23606797749979                                 5
590         0.07387834110271163        2.23606797749979                                 5
591         0.07387834110271163        2.23606797749979                                 5
592         0.07387834110271163        2.23606797749979                                 5
593         0.07387834110271163        2.23606797749979                                 5
594         0.0732136106704383        0.0                                 0
595         0.0732136106704383        2.23606797749979                                 5
596         0.0732136106704383        2.23606797749979                                 5
597         0.0732136106704383        2.23606797749979                                 5
598         0.0732136106704383        2.23606797749979                                 5
599         0.0732136106704383        2.23606797749979                                 5
600         0.0732136106704383        2.23606797749979                                 5
601         0.0732136106704383        2.23606797749979                                 5
602         0.0730934163313195        0.0                                 0
603         0.0730934163313195        2.23606797749979                                 5
604         0.0730934163313195        2.23606797749979                                 5
605         0.0730934163313195        2.23606797749979                                 5
606         0.0730934163313195        2.23606797749979                                 5
607         0.07307104256319741        0.0                                 0
608         0.07307104256319741        2.23606797749979                                 5
609         0.07307104256319741        2.23606797749979                                 5
610         0.07275745427437341        0.0                                 0
611         0.07275745427437341        2.23606797749979                                 5
612         0.07275745427437341        2.23606797749979                                 5
613         0.07275745427437341        2.23606797749979                                 5
614         0.07275745427437341        2.23606797749979                                 5
615         0.07275745427437341        2.23606797749979                                 5
616         0.07275745427437341        2.23606797749979                                 5
617         0.07275745427437341        2.23606797749979                                 5
618         0.07275745427437341        2.23606797749979                                 5
619         0.07275745427437341        2.23606797749979                                 5
620         0.07275745427437341        2.23606797749979                                 5
621         0.07275745427437341        2.23606797749979                                 5
622         0.07275745427437341        2.23606797749979                                 5
623         0.07275745427437341        2.23606797749979                                 5
624         0.07275745427437341        2.23606797749979                                 5
625         0.07275745427437341        2.23606797749979                                 5
626         0.07275745427437341        2.23606797749979                                 5
627         0.07275745427437341        2.23606797749979                                 5
628         0.07275745427437341        2.23606797749979                                 5
629         0.07275745427437341        2.23606797749979                                 5
630         0.07275745427437341        2.23606797749979                                 5
631         0.07275745427437341        2.23606797749979                                 5
632         0.07275745427437341        2.23606797749979                                 5
633         0.07275745427437341        2.23606797749979                                 5
634         0.0725725846076688        0.0                                 0
635         0.0725725846076688        2.23606797749979                                 5
636         0.0725725846076688        2.23606797749979                                 5
637         0.0725725846076688        2.23606797749979                                 5
638         0.0725725846076688        2.23606797749979                                 5
639         0.0725725846076688        2.23606797749979                                 5
640         0.07255810601086465        0.0                                 0
641         0.07255810601086465        2.23606797749979                                 5
642         0.07255810601086465        2.23606797749979                                 5
643         0.07255810601086465        2.23606797749979                                 5
644         0.07255601213962548        0.0                                 0
645         0.07255601213962548        2.23606797749979                                 5
646         0.07255601213962548        2.23606797749979                                 5
647         0.07254288550651222        0.0                                 0
648         0.07254288550651222        2.23606797749979                                 5
649         0.07254288550651222        2.23606797749979                                 5
650         0.07254288550651222        2.23606797749979                                 5
651         0.07254288550651222        2.23606797749979                                 5
652         0.07254288550651222        2.23606797749979                                 5
653         0.07254288550651222        2.23606797749979                                 5
654         0.07254288550651222        2.23606797749979                                 5
655         0.07254288550651222        2.23606797749979                                 5
656         0.07254288550651222        2.23606797749979                                 5
657         0.07254288550651222        2.23606797749979                                 5
658         0.07254288550651222        2.23606797749979                                 5
659         0.07254288550651222        2.23606797749979                                 5
660         0.07253898683427162        0.0                                 0
661         0.07253898683427162        2.23606797749979                                 5
662         0.07253886330461456        0.0                                 0
663         0.07253886330461456        2.23606797749979                                 5
664         0.07253886330461456        2.23606797749979                                 5
665         0.07253886330461456        2.23606797749979                                 5
666         0.07253886330461456        2.23606797749979                                 5
667         0.07253886330461456        2.23606797749979                                 5
668         0.07253886330461456        2.23606797749979                                 5
669         0.07253886330461456        2.23606797749979                                 5
670         0.07253886330461456        2.23606797749979                                 5
671         0.07253886330461456        2.23606797749979                                 5
672         0.07253886330461456        2.23606797749979                                 5
673         0.07253445393722624        0.0                                 0
674         0.07253393286244048        0.0                                 0
675         0.07253393286244048        2.23606797749979                                 5
676         0.07253393286244048        2.23606797749979                                 5
677         0.07253393286244048        2.23606797749979                                 5
678         0.07253393286244048        2.23606797749979                                 5
679         0.07253393286244048        2.23606797749979                                 5
680         0.07253393286244048        2.23606797749979                                 5
681         0.07253393286244048        2.23606797749979                                 5
682         0.07253393286244048        2.23606797749979                                 5
683         0.07253393286244048        2.23606797749979                                 5
684         0.07253393286244048        2.23606797749979                                 5
685         0.07253393286244048        2.23606797749979                                 5
686         0.07253393286244048        2.23606797749979                                 5
687         0.07253393286244048        2.23606797749979                                 5
688         0.07253393286244048        2.23606797749979                                 5
689         0.07253393286244048        2.23606797749979                                 5
690         0.07253393286244048        2.23606797749979                                 5
691         0.07253393286244048        2.23606797749979                                 5
692         0.07253393286244048        2.23606797749979                                 5
693         0.07253393286244048        2.23606797749979                                 5
694         0.07253393286244048        2.23606797749979                                 5
695         0.07253393286244048        2.23606797749979                                 5
696         0.07253393286244048        2.23606797749979                                 5
697         0.07253393286244048        2.23606797749979                                 5
698         0.07252425017656772        0.0                                 0
699         0.07252425017656772        2.23606797749979                                 5
700         0.07252425017656772        2.23606797749979                                 5
701         0.07252425017656772        2.23606797749979                                 5
702         0.07252425017656772        2.23606797749979                                 5
703         0.07252425017656772        2.23606797749979                                 5
704         0.07252425017656772        2.23606797749979                                 5
705         0.07252425017656772        2.23606797749979                                 5
706         0.07252425017656772        2.23606797749979                                 5
707         0.07252425017656772        2.23606797749979                                 5
708         0.07252425017656772        1.7320508075688772                                 3
709         0.07252425017656772        2.23606797749979                                 5
710         0.0724967554704592        0.0                                 0
711         0.07249013808555604        0.0                                 0
712         0.07249013808555604        2.23606797749979                                 5
713         0.07249013808555604        2.23606797749979                                 5
714         0.07249013808555604        2.23606797749979                                 5
715         0.07241250455725057        0.0                                 0
716         0.07241250455725057        2.23606797749979                                 5
717         0.07241250455725057        2.23606797749979                                 5
718         0.07241250455725057        2.23606797749979                                 5
719         0.0699241162450508        0.0                                 0
720         0.0699241162450508        2.23606797749979                                 5
721         0.0699241162450508        2.23606797749979                                 5
722         0.06809272695236646        0.0                                 0
723         0.06809272695236646        2.23606797749979                                 5
724         0.01295112151120803        0.0                                 0
725         0.01295112151120803        2.23606797749979                                 5
726         0.012907438106928182        0.0                                 0
727         0.012907438106928182        2.23606797749979                                 5
728         0.012907438106928182        2.23606797749979                                 5
729         0.012907438106928182        2.23606797749979                                 5
730         0.012907438106928182        2.23606797749979                                 5
731         0.012907438106928182        2.23606797749979                                 5
732         0.012907438106928182        2.23606797749979                                 5
733         0.012907438106928182        2.23606797749979                                 5
734         0.012907438106928182        2.23606797749979                                 5
735         0.012907438106928182        2.23606797749979                                 5
736         0.012907438106928182        2.23606797749979                                 5
737         0.012907438106928182        2.23606797749979                                 5
738         0.012907438106928182        2.23606797749979                                 5
739         0.012907438106928182        2.23606797749979                                 5
740         0.012907438106928182        2.23606797749979                                 5
741         0.012736829271676409        0.0                                 0
742         0.012736829271676409        2.23606797749979                                 5
743         0.012736829271676409        2.23606797749979                                 5
744         0.012583311404888664        0.0                                 0
745         0.012583311404888664        2.23606797749979                                 5
746         0.012583311404888664        2.23606797749979                                 5
747         0.012583311404888664        2.23606797749979                                 5
748         0.012583311404888664        1.7320508075688772                                 3
749         0.012583311404888664        2.23606797749979                                 5
750         0.012583311404888664        2.23606797749979                                 5
751         0.012583311404888664        2.23606797749979                                 5
752         0.01258151345521108        0.0                                 0
753         0.01258151345521108        2.23606797749979                                 5
754         0.01258151345521108        2.23606797749979                                 5
755         0.01258151345521108        2.23606797749979                                 5
756         0.01258151345521108        2.23606797749979                                 5
757         0.01258151345521108        2.23606797749979                                 5
758         0.01255475812441842        0.0                                 0
759         0.011635597455265434        0.0                                 0
760         0.011635597455265434        2.23606797749979                                 5
761         0.011635597455265434        2.23606797749979                                 5
762         0.011635597455265434        2.23606797749979                                 5
763         0.011635597455265434        2.23606797749979                                 5
764         0.011635597455265434        2.23606797749979                                 5
765         0.011635597455265434        2.23606797749979                                 5
766         0.011635597455265434        2.23606797749979                                 5
767         0.011635597455265434        2.23606797749979                                 5
768         0.011635597455265434        2.23606797749979                                 5
769         0.011635597455265434        2.23606797749979                                 5
770         0.011635597455265434        2.23606797749979                                 5
771         0.011635597455265434        2.23606797749979                                 5
772         0.011610694190131166        0.0                                 0
773         0.011610694190131166        2.23606797749979                                 5
774         0.011610694190131166        2.23606797749979                                 5
775         0.011610694190131166        2.23606797749979                                 5
776         0.011610694190131166        2.23606797749979                                 5
777         0.011610694190131166        2.23606797749979                                 5
778         0.011610694190131166        2.23606797749979                                 5
779         0.011610694190131166        2.23606797749979                                 5
780         0.011610694190131166        2.23606797749979                                 5
781         0.011610694190131166        2.23606797749979                                 5
782         0.011610694190131166        2.23606797749979                                 5
783         0.011610694190131166        2.23606797749979                                 5
784         0.011610694190131166        2.23606797749979                                 5
785         0.011610694190131166        2.23606797749979                                 5
786         0.011610694190131166        2.23606797749979                                 5
787         0.011610694190131166        2.23606797749979                                 5
788         0.011610694190131166        2.23606797749979                                 5
789         0.011610694190131166        2.23606797749979                                 5
790         0.011610694190131166        2.23606797749979                                 5
791         0.011610694190131166        2.23606797749979                                 5
792         0.011610694190131166        1.7320508075688772                                 3
793         0.011610694190131166        2.23606797749979                                 5
794         0.011610694190131166        2.23606797749979                                 5
795         0.011607463286199216        0.0                                 0
796         0.011607463286199216        2.23606797749979                                 5
797         0.01160312237067318        0.0                                 0
798         0.01160312237067318        2.23606797749979                                 5
799         0.01160312237067318        2.23606797749979                                 5
800         0.01160312237067318        1.7320508075688772                                 3
801         0.01160312237067318        2.23606797749979                                 5
802         0.01160312237067318        2.23606797749979                                 5
803         0.01160312237067318        2.23606797749979                                 5
804         0.01160312237067318        2.23606797749979                                 5
805         0.01160312237067318        2.23606797749979                                 5
806         0.01160312237067318        2.23606797749979                                 5
807         0.01160312237067318        2.23606797749979                                 5
808         0.01160312237067318        2.23606797749979                                 5
809         0.01160312237067318        2.23606797749979                                 5
810         0.01160312237067318        2.23606797749979                                 5
811         0.01160312237067318        2.23606797749979                                 5
812         0.01160312237067318        2.23606797749979                                 5
813         0.01160312237067318        2.23606797749979                                 5
814         0.01160312237067318        2.23606797749979                                 5
815         0.01160312237067318        2.23606797749979                                 5
816         0.01160312237067318        2.23606797749979                                 5
817         0.01160312237067318        2.23606797749979                                 5
818         0.01160237680324705        0.0                                 0
819         0.01160237680324705        2.23606797749979                                 5
820         0.01160237680324705        2.23606797749979                                 5
821         0.01160237680324705        2.23606797749979                                 5
822         0.01160237680324705        2.23606797749979                                 5
823         0.01160237680324705        2.23606797749979                                 5
824         0.01160237680324705        2.23606797749979                                 5
825         0.01160237680324705        2.23606797749979                                 5
826         0.01160237680324705        2.23606797749979                                 5
827         0.01160237680324705        2.23606797749979                                 5
828         0.01160237680324705        2.23606797749979                                 5
829         0.01160237680324705        2.23606797749979                                 5
830         0.01160237680324705        2.23606797749979                                 5
831         0.01160237680324705        2.23606797749979                                 5
832         0.01160237680324705        2.23606797749979                                 5
833         0.01160237680324705        2.23606797749979                                 5
834         0.01160237680324705        2.23606797749979                                 5
835         0.01160237680324705        2.23606797749979                                 5
836         0.01160237680324705        2.23606797749979                                 5
837         0.01160237680324705        2.23606797749979                                 5
838         0.01160237680324705        2.23606797749979                                 5
839         0.01160237680324705        2.23606797749979                                 5
840         0.01160237680324705        2.23606797749979                                 5
841         0.01160237680324705        2.23606797749979                                 5
842         0.01160237680324705        2.23606797749979                                 5
843         0.01160237680324705        2.23606797749979                                 5
844         0.01160237680324705        2.23606797749979                                 5
845         0.01160237680324705        2.23606797749979                                 5
846         0.011328198212969376        0.0                                 0
847         0.011328198212969376        2.23606797749979                                 5
848         0.011328198212969376        2.23606797749979                                 5
849         0.011328198212969376        2.23606797749979                                 5
850         0.011328198212969376        2.23606797749979                                 5
851         0.011328198212969376        2.23606797749979                                 5
852         0.011321871774122472        0.0                                 0
853         0.011321871774122472        2.23606797749979                                 5
854         0.011321871774122472        2.23606797749979                                 5
855         0.011321871774122472        2.23606797749979                                 5
856         0.011321871774122472        2.23606797749979                                 5
857         0.011321871774122472        2.23606797749979                                 5
858         0.011321871774122472        2.23606797749979                                 5
859         0.011321871774122472        2.23606797749979                                 5
860         0.011321871774122472        2.23606797749979                                 5
861         0.011321871774122472        2.23606797749979                                 5
862         0.011321871774122472        2.23606797749979                                 5
863         0.011321871774122472        2.23606797749979                                 5
864         0.011318222944231349        0.0                                 0
865         0.011318222944231349        2.23606797749979                                 5
866         0.011318222944231349        2.23606797749979                                 5
867         0.011318222944231349        2.23606797749979                                 5
868         0.011318222944231349        2.23606797749979                                 5
869         0.011318222944231349        2.23606797749979                                 5
870         0.011318222944231349        2.23606797749979                                 5
871         0.011318222944231349        2.23606797749979                                 5
872         0.011318222944231349        2.23606797749979                                 5
873         0.011318222944231349        2.23606797749979                                 5
874         0.011318222944231349        2.23606797749979                                 5
875         0.011318222944231349        2.23606797749979                                 5
876         0.011318222944231349        2.23606797749979                                 5
877         0.011318222944231349        2.23606797749979                                 5
878         0.011318222944231349        2.23606797749979                                 5
879         0.011318222944231349        2.23606797749979                                 5
880         0.011318222944231349        2.23606797749979                                 5
881         0.011318222944231349        2.23606797749979                                 5
882         0.011318222944231349        2.23606797749979                                 5
883         0.011318222944231349        2.23606797749979                                 5
884         0.011318222944231349        2.23606797749979                                 5
885         0.011318222944231349        1.7320508075688772                                 3
886         0.011311034938797038        0.0                                 0
887         0.011311034938797038        2.23606797749979                                 5
888         0.011311034938797038        2.23606797749979                                 5
889         0.011311034938797038        2.23606797749979                                 5
890         0.011311034938797038        2.23606797749979                                 5
891         0.011311034938797038        2.23606797749979                                 5
892         0.011311034938797038        2.23606797749979                                 5
893         0.011311034938797038        2.23606797749979                                 5
894         0.011311034938797038        2.23606797749979                                 5
895         0.011311034938797038        2.23606797749979                                 5
896         0.011311034938797038        2.23606797749979                                 5
897         0.011311034938797038        2.23606797749979                                 5
898         0.011311034938797038        2.23606797749979                                 5
899         0.011310895366570706        0.0                                 0
900         0.011310895366570706        2.23606797749979                                 5
901         0.011310895366570706        2.23606797749979                                 5
902         0.011310895366570706        2.23606797749979                                 5
903         0.011310895366570706        2.23606797749979                                 5
904         0.011310895366570706        2.23606797749979                                 5
905         0.011310895366570706        2.23606797749979                                 5
906         0.011310895366570706        2.23606797749979                                 5
907         0.011310895366570706        2.23606797749979                                 5
908         0.011310895366570706        2.23606797749979                                 5
909         0.011310895366570706        2.23606797749979                                 5
910         0.011310895366570706        2.23606797749979                                 5
911         0.011310895366570706        2.23606797749979                                 5
912         0.011310895366570706        2.23606797749979                                 5
913         0.011310895366570706        2.23606797749979                                 5
914         0.011310895366570706        2.23606797749979                                 5
915         0.011310895366570706        2.23606797749979                                 5
916         0.011310895366570706        2.23606797749979                                 5
917         0.011310895366570706        2.23606797749979                                 5
918         0.011310895366570706        2.23606797749979                                 5
919         0.011310895366570706        2.23606797749979                                 5
920         0.011310895366570706        2.23606797749979                                 5
921         0.011310895366570706        2.23606797749979                                 5
922         0.011310895366570706        2.23606797749979                                 5
923         0.011310895366570706        2.23606797749979                                 5
924         0.011310895366570706        2.23606797749979                                 5
925         0.011310895366570706        2.23606797749979                                 5
926         0.011310895366570706        2.23606797749979                                 5
927         0.011296892792174162        0.0                                 0
928         0.011296892792174162        2.23606797749979                                 5
929         0.011296803275258283        0.0                                 0
930         0.011296803275258283        2.23606797749979                                 5
931         0.011296803275258283        2.23606797749979                                 5
932         0.011296803275258283        2.23606797749979                                 5
933         0.011296803275258283        2.23606797749979                                 5
934         0.011296803275258283        2.23606797749979                                 5
935         0.011296803275258283        2.23606797749979                                 5
936         0.011296803275258283        2.23606797749979                                 5
937         0.011296803275258283        2.23606797749979                                 5
938         0.011296803275258283        2.23606797749979                                 5
939         0.011296803275258283        2.23606797749979                                 5
940         0.011296803275258283        2.23606797749979                                 5
941         0.011296803275258283        2.23606797749979                                 5
942         0.011296803275258283        2.23606797749979                                 5
943         0.011296803275258283        2.23606797749979                                 5
944         0.011296803275258283        2.23606797749979                                 5
945         0.011295022697180968        0.0                                 0
946         0.011295022697180968        2.23606797749979                                 5
947         0.011295022697180968        2.23606797749979                                 5
948         0.011295022697180968        2.23606797749979                                 5
949         0.011295022697180968        2.23606797749979                                 5
950         0.011295022697180968        2.23606797749979                                 5
951         0.011295022697180968        2.23606797749979                                 5
952         0.011295022697180968        2.23606797749979                                 5
953         0.011295022697180968        2.23606797749979                                 5
954         0.011295022697180968        2.23606797749979                                 5
955         0.011295022697180968        2.23606797749979                                 5
956         0.011295022697180968        2.23606797749979                                 5
957         0.011295022697180968        2.23606797749979                                 5
958         0.011295022697180968        2.23606797749979                                 5
959         0.011295022697180968        2.23606797749979                                 5
960         0.011295022697180968        2.23606797749979                                 5
961         0.011295022697180968        2.23606797749979                                 5
962         0.011295022697180968        2.23606797749979                                 5
963         0.011295022697180968        2.23606797749979                                 5
964         0.011295022697180968        2.23606797749979                                 5
965         0.011295022697180968        2.23606797749979                                 5
966         0.011295022697180968        2.23606797749979                                 5
967         0.011295022697180968        2.23606797749979                                 5
968         0.011295022697180968        2.23606797749979                                 5
969         0.011295022697180968        2.23606797749979                                 5
970         0.011295022697180968        2.23606797749979                                 5
971         0.011295022697180968        2.23606797749979                                 5
972         0.011295022697180968        2.23606797749979                                 5
973         0.011295022697180968        2.23606797749979                                 5
974         0.011295022697180968        2.23606797749979                                 5
975         0.011295022697180968        2.23606797749979                                 5
976         0.011295022697180968        2.23606797749979                                 5
977         0.011295022697180968        2.23606797749979                                 5
978         0.011295022697180968        2.23606797749979                                 5
979         0.011295022697180968        2.23606797749979                                 5
980         0.011295022697180968        2.23606797749979                                 5
981         0.011295022697180968        2.23606797749979                                 5
982         0.011295022697180968        2.23606797749979                                 5
983         0.0008443638453491387        0.0                                 0
984         0.0008443638453491387        2.23606797749979                                 5
985         0.0008274251770741259        0.0                                 0
986         0.0008274251770741259        2.23606797749979                                 5
987         0.0008274251770741259        2.23606797749979                                 5
988         0.0008274251770741259        2.23606797749979                                 5
989         0.0008274251770741259        2.23606797749979                                 5
990         0.0008274251770741259        2.23606797749979                                 5
991         0.0008274251770741259        2.23606797749979                                 5
992         0.0008274251770741259        2.23606797749979                                 5
993         0.0008274251770741259        2.23606797749979                                 5
994         0.0008274251770741259        2.23606797749979                                 5
995         0.0008274251770741259        2.23606797749979                                 5
996         0.0008274251770741259        2.23606797749979                                 5
997         0.0008274251770741259        2.23606797749979                                 5
998         0.0008274251770741259        2.23606797749979                                 5
999         0.0008274251770741259        2.23606797749979                                 5
// Funcion: griewank Enfriamiento: exponencial Semilla: 784001449